1206.04 89.0948 2.12323e-14 1.76594e-14 1.89588e-17 1.09012e-14 -3.53738e-17 -3.26287e-15 -3.53738e-17 1.18915e-15 -7.98034e-17 -3.26287e-15 -7.98034e-17 7.76074e-16 -4.114e-15 -2.12182e-16 1.71924e-15 1.99271e-16 -2.12182e-16 -2.9152e-15 1.66128e-16 1.77997e-15 1.71924e-15 1.66128e-16 -7.04377e-16 -2.31417e-16 1.99271e-16 1.77997e-15 -2.31417e-16 -1.12171e-15 3.79465e-15 1.66635e-17 -2.6195e-15 -1.42522e-16 9.97855e-16 1.66635e-17 -2.00638e-17 3.72135e-17 -4.5936e-17 -8.34452e-17 -2.6195e-15 3.72135e-17 1.88539e-15 4.31415e-17 -9.04404e-16 -1.42522e-16 -4.5936e-17 4.31415e-17 1.60882e-16 6.477e-17 9.97855e-16 -8.34452e-17 -9.04404e-16 6.477e-17 7.44543e-16 7.47354e-15 1.04814e-16 -3.07082e-15 -2.59552e-16 1.04814e-16 -1.37315e-15 1.27553e-16 6.53265e-16 -3.07082e-15 1.27553e-16 1.721e-15 6.51663e-17 -2.59552e-16 6.53265e-16 6.51663e-17 -3.19887e-16 8.25204e-15 8.77524e-16 -1.97446e-15 8.77524e-16 -3.35943e-15 -1.11347e-15 -1.97446e-15 -1.11347e-15 1.64782e-16 -3.02703e-14 5.12475e-16 5.12475e-16 -4.05054e-18 2.20545e-14 
89.0948 723.623 -2.67855e-15 -5.22897e-15 -44.5474 85.9128 6.42508e-15 -16.5339 8.07752e-15 -4.23036e-15 -9.56924e-16 -16.5339 -1.19965e-15 3.18196 7.03123e-15 4.18883e-16 -2.23215e-15 -5.91063e-16 4.18883e-16 2.27791e-15 -3.93749e-16 -8.41506e-16 -2.23215e-15 -3.93749e-16 6.18938e-16 3.47211e-16 -5.91063e-16 -8.41506e-16 3.47211e-16 9.90333e-17 1.09914e-14 -5.66417e-17 -7.01536e-15 5.13023e-17 1.62184e-15 -5.66417e-17 -7.54649e-16 1.34366e-16 7.8934e-16 -1.04978e-16 -7.01536e-15 1.34366e-16 4.80315e-15 -1.37854e-16 -1.6718e-15 5.13023e-17 7.8934e-16 -1.37854e-16 -7.92045e-16 1.12412e-16 1.62184e-15 -1.04978e-16 -1.6718e-15 1.12412e-16 1.42221e-15 4.99969e-15 2.02068e-16 -2.65335e-15 -1.2351e-16 2.02068e-16 -5.20607e-15 6.25486e-17 2.07114e-15 -2.65335e-15 6.25486e-17 1.99056e-15 -7.97904e-17 -1.2351e-16 2.07114e-15 -7.97904e-17 -1.14584e-15 4.47291e-14 -3.04298e-16 -9.10773e-15 -3.04298e-16 1.51637e-16 1.81344e-16 -9.10773e-15 1.81344e-16 1.63825e-15 -5.61189e-15 2.69208e-16 2.69208e-16 5.61087e-16 3.64067e-14 
1.74525e-14 -1.79037e-15 964.83 -44.5474 5.66627e-15 1.52082e-14 75.768 -2.27616e-14 -3.68382e-15 3.08802e-15 -3.71074e-15 -1.82528e-15 -14.5816 4.64536e-15 5.6199e-16 6.23187e-15 -2.64436e-16 -3.10235e-15 3.05613e-15 -2.75355e-18 2.03531e-15 -4.29027e-17 -5.28269e-16 -2.10702e-15 -5.64793e-17 1.17677e-15 -1.129e-15 -2.95e-16 -1.06198e-15 1.30444e-16 -9.81063e-17 8.16951e-15 -9.70389e-18 -8.22032e-15 2.34813e-16 -1.30709e-15 1.10052e-16 3.17071e-17 4.56959e-17 6.40005e-16 2.32728e-16 -4.70995e-15 -1.55558e-18 4.7794e-15 -2.16827e-16 1.36718e-15 -1.24704e-16 1.79202e-17 -3.97632e-17 -7.9012e-16 -1.81827e-16 2.1916e-16 8.3787e-18 -3.93097e-16 1.03664e-16 2.71103e-16 2.90216e-15 1.09021e-16 -9.4532e-16 -6.98468e-15 3.60814e-16 -4.4351e-15 -5.83558e-16 8.39177e-17 -7.04829e-16 -2.70894e-17 4.73895e-16 2.77873e-15 -2.80147e-16 1.29325e-15 4.5834e-16 -3.45041e-16 3.87932e-14 -4.50991e-16 1.7194e-16 -1.07605e-16 8.24112e-16 2.05625e-16 -8.18222e-15 -3.10072e-17 2.69208e-16 -5.60095e-15 5.61087e-16 -2.54252e-16 5.59134e-16 
1.67713e-14 -5.22897e-15 -44.5474 964.83 3.23006e-15 2.15553e-14 -4.79677e-15 -2.98686e-15 75.768 5.71465e-15 -14.5816 -2.53942e-14 -3.96128e-15 3.50154e-15 5.6199e-16 3.05613e-15 -5.28269e-16 -1.129e-15 6.23187e-15 -2.75355e-18 -2.10702e-15 -2.95e-16 -2.64436e-16 2.03531e-15 -5.64793e-17 -1.06198e-15 -3.10235e-15 -4.29027e-17 1.17677e-15 1.30444e-16 -9.81063e-17 -1.30709e-15 2.32728e-16 1.36718e-15 -1.81827e-16 8.16951e-15 1.10052e-16 -4.70995e-15 -1.24704e-16 2.1916e-16 -9.70389e-18 3.17071e-17 -1.55558e-18 1.79202e-17 8.3787e-18 -8.22032e-15 4.56959e-17 4.7794e-15 -3.97632e-17 -3.93097e-16 2.34813e-16 6.40005e-16 -2.16827e-16 -7.9012e-16 1.03664e-16 2.71103e-16 -6.98468e-15 8.39177e-17 2.77873e-15 2.90216e-15 3.60814e-16 -7.04829e-16 -2.80147e-16 1.09021e-16 -4.4351e-15 -2.70894e-17 1.29325e-15 -9.4532e-16 -5.83558e-16 4.73895e-16 4.5834e-16 -3.45041e-16 1.7194e-16 2.05625e-16 3.87932e-14 -1.07605e-16 -8.18222e-15 -4.50991e-16 8.24112e-16 -3.10072e-17 2.69208e-16 5.61087e-16 -5.60095e-15 -2.54252e-16 5.59134e-16 
-4.83806e-16 -44.5474 5.66627e-15 6.78277e-15 1206.04 -4.17706e-15 1.04649e-14 -4.20759e-15 1.48546e-14 66.8211 -1.9727e-14 -4.31124e-15 -2.02713e-14 -3.36145e-15 4.10023e-15 -3.69428e-18 2.73065e-15 -5.756e-17 -3.69428e-18 5.3389e-15 -4.35784e-16 -2.47443e-15 2.73065e-15 -4.35784e-16 1.36461e-15 1.29416e-16 -5.756e-17 -2.47443e-15 1.29416e-16 1.36339e-15 -2.26395e-15 1.90616e-16 5.49183e-17 7.91477e-17 1.10852e-15 1.90616e-16 6.85338e-15 -1.92175e-17 -6.8338e-15 7.08009e-17 5.49183e-17 -1.92175e-17 7.63819e-17 1.03009e-17 -2.10501e-16 7.91477e-17 -6.8338e-15 1.03009e-17 6.67649e-15 -1.73129e-16 1.10852e-15 7.08009e-17 -2.10501e-16 -1.73129e-16 -2.43219e-16 -9.37093e-15 4.84083e-16 -5.95031e-15 -7.82925e-16 4.84083e-16 2.88273e-15 1.07413e-16 -5.88585e-16 -5.95031e-15 1.07413e-16 -4.46803e-15 -1.66041e-16 -7.82925e-16 -5.88585e-16 -1.66041e-16 -5.6741e-16 1.94961e-16 -1.22013e-16 9.34455e-16 -1.22013e-16 3.32744e-14 -5.51973e-16 9.34455e-16 -5.51973e-16 1.54549e-15 5.61087e-16 -2.54252e-16 -2.54252e-16 -5.02625e-15 8.64188e-16 
1.01309e-14 85.9128 1.77926e-14 2.13334e-14 -6.78287e-15 361.811 -5.34815e-15 -1.80482e-15 -4.6952e-15 -57.2752 1.55233e-14 -8.91159e-16 1.40686e-14 3.66833e-15 80.1853 3.29969e-15 -21.4304 -2.02724e-14 4.62824e-15 2.43843e-15 -1.03498e-15 -2.40114e-15 -21.4304 -6.42105e-16 5.72752 4.61763e-15 -2.04836e-14 -2.0093e-15 5.33774e-15 2.25907e-15 -1.12563e-15 -1.56139e-16 5.33567e-16 -1.94772e-16 -6.54756e-17 -1.56139e-16 -1.7862e-15 1.98475e-16 1.38287e-15 -5.88873e-17 5.33567e-16 1.98475e-16 -4.37354e-17 -6.6034e-17 -1.1767e-16 -1.94772e-16 1.38287e-15 -6.6034e-17 -9.13805e-16 1.71407e-16 -6.54756e-17 -5.88873e-17 -1.1767e-16 1.71407e-16 3.74895e-16 7.21081e-15 -4.98195e-16 -1.21354e-15 8.93283e-17 -4.98195e-16 -6.52817e-16 2.70189e-16 6.54183e-16 -1.21354e-15 2.70189e-16 2.79215e-16 1.78578e-16 8.93283e-17 6.54183e-16 1.78578e-16 -4.60229e-16 1.47777e-15 2.36373e-16 -4.79224e-16 2.36373e-16 -1.00356e-15 -2.30317e-16 -4.79224e-16 -2.30317e-16 1.45691e-16 -3.37851e-14 2.72334e-16 2.72334e-16 1.20145e-15 1.3753e-16 
4.61536e-16 6.28832e-15 75.768 -3.6901e-15 1.31017e-14 -3.96211e-15 542.717 -1.08013e-14 -57.2752 1.64278e-14 -66.1357 1.62821e-14 -1.82296e-15 1.72085e-14 1.25971e-16 67.7689 -2.17202e-14 -27.6666 4.03409e-15 2.68535e-15 3.64641e-16 -1.39949e-15 2.20052e-15 -18.112 6.05765e-15 7.3942 -3.5851e-15 -1.66759e-14 -1.57188e-16 8.08294e-15 -2.38506e-16 -9.90436e-16 -4.7464e-16 6.28555e-16 6.2226e-16 -2.72847e-15 3.26628e-17 -5.85104e-16 1.87766e-16 1.51757e-15 3.03176e-16 7.55283e-16 1.82575e-16 -2.15571e-16 -4.21108e-16 2.11237e-15 -3.87739e-16 6.63361e-16 1.39949e-16 -1.39253e-15 -8.99518e-17 -2.60784e-16 1.49511e-16 3.41988e-16 2.80343e-17 -5.89473e-16 6.99693e-15 -5.1485e-16 -1.87121e-15 -7.72423e-16 -2.47707e-16 1.87915e-17 6.08356e-16 3.19692e-16 -1.08269e-15 5.72309e-16 5.77027e-17 7.7404e-16 3.3158e-16 2.3333e-16 -2.57808e-16 2.36373e-16 9.24411e-16 -3.17027e-16 -1.00356e-15 -2.95742e-17 -5.78226e-16 -2.30317e-16 -3.10994e-16 2.92279e-16 2.40176e-16 -2.98718e-14 1.05958e-15 9.54864e-16 5.9033e-17 
-2.68031e-15 -16.5339 -2.14721e-14 -3.70507e-15 -4.68986e-15 -9.38053e-16 -1.4354e-14 783.925 1.67614e-14 -66.1357 3.2498e-14 3.30953e-15 2.07612e-14 3.61719e-16 7.89925e-15 -2.58376e-14 61.8643 7.48058e-15 -5.32749e-16 4.24681e-16 4.62217e-15 2.22748e-15 -1.72371e-15 8.45252e-15 -16.5339 -2.25169e-15 3.41241e-16 -4.06537e-16 -1.97238e-14 -1.49684e-16 -3.354e-16 -7.41896e-16 -9.03668e-16 3.3572e-16 1.40724e-15 1.78429e-16 -2.75483e-15 8.4927e-17 -1.25094e-16 -4.06761e-16 5.37063e-16 4.45205e-16 6.81069e-16 -2.16934e-16 -8.55798e-16 -3.44253e-16 2.3817e-15 -2.38986e-16 -4.58153e-17 4.95419e-16 -2.88281e-16 1.08907e-16 1.90697e-16 5.76446e-17 4.11123e-17 9.24975e-16 -7.3657e-16 6.62362e-15 -6.52847e-16 1.77626e-16 -2.05557e-16 1.74822e-16 5.59476e-16 -5.84771e-17 7.20529e-16 -1.36333e-15 1.96568e-16 2.62408e-16 4.82216e-16 -7.96631e-17 -3.03134e-16 -4.79224e-16 -3.17027e-16 6.14462e-16 -2.30317e-16 -5.78226e-16 6.17608e-17 1.45691e-16 2.92279e-16 -2.69253e-16 6.44377e-15 1.80568e-16 4.93441e-16 1.32876e-15 6.53338e-16 
4.61536e-16 3.62275e-15 -5.98193e-15 75.768 1.60687e-14 -4.6952e-15 -57.2752 1.55233e-14 542.717 1.72223e-14 2.431e-15 -4.51268e-15 -66.1357 1.99217e-14 -3.16934e-15 2.88519e-15 1.82059e-15 -2.84106e-15 67.7689 3.09204e-15 -18.112 -1.81457e-14 -2.08548e-14 4.90396e-16 6.64226e-15 -1.20784e-16 -27.6666 -6.50031e-16 7.3942 5.48055e-15 -2.38506e-16 -2.72847e-15 3.03176e-16 2.11237e-15 -8.99518e-17 -9.90436e-16 3.26628e-17 7.55283e-16 -3.87739e-16 -2.60784e-16 -4.7464e-16 -5.85104e-16 1.82575e-16 6.63361e-16 1.49511e-16 6.28555e-16 1.87766e-16 -2.15571e-16 1.39949e-16 3.41988e-16 6.2226e-16 1.51757e-15 -4.21108e-16 -1.39253e-15 2.80343e-17 -5.89473e-16 -7.72423e-16 3.19692e-16 7.7404e-16 6.99693e-15 -2.47707e-16 -1.08269e-15 3.3158e-16 -5.1485e-16 1.87915e-17 5.72309e-16 2.3333e-16 -1.87121e-15 6.08356e-16 5.77027e-17 -2.57808e-16 2.36373e-16 -1.00356e-15 -2.30317e-16 9.24411e-16 -2.95742e-17 -3.10994e-16 -3.17027e-16 -5.78226e-16 2.92279e-16 2.40176e-16 1.05958e-15 -2.98718e-14 9.54864e-16 5.9033e-17 
1.50771e-15 -3.25437e-15 1.49213e-15 4.84014e-15 66.8211 -57.2752 1.64278e-14 -66.1357 2.63192e-14 723.623 1.88322e-14 -66.1357 2.22236e-14 -76.3669 4.7732e-15 8.01442e-16 4.3145e-16 -2.77859e-15 2.93251e-15 57.2752 -1.80373e-14 -23.3825 4.74419e-16 -1.81903e-14 2.5831e-16 7.39166e-15 5.65635e-16 -23.3825 7.65986e-15 9.54587 -4.16781e-15 4.98933e-17 -8.9376e-16 2.86817e-16 2.31812e-15 4.98933e-17 -4.81003e-16 -4.7558e-16 6.65607e-16 3.75175e-16 -8.9376e-16 -4.7558e-16 9.05888e-17 4.44298e-16 2.05122e-16 2.86817e-16 6.65607e-16 4.44298e-16 1.66766e-16 -5.27597e-16 2.31812e-15 3.75175e-16 2.05122e-16 -5.27597e-16 -6.4407e-16 -9.13944e-16 -2.93091e-16 2.22344e-17 7.19817e-16 -2.93091e-16 6.90937e-15 1.14741e-16 -2.14106e-15 2.22344e-17 1.14741e-16 3.24997e-16 4.36688e-16 7.19817e-16 -2.14106e-15 4.36688e-16 2.15287e-16 -1.00356e-15 -2.95742e-17 -5.78226e-16 -2.95742e-17 5.65306e-16 2.04675e-17 -5.78226e-16 2.04675e-17 -5.22452e-16 9.34464e-16 8.42111e-16 8.42111e-16 -2.58186e-14 -8.98223e-16 
-4.16868e-16 -1.2588e-15 -4.13607e-15 -14.5816 -1.74116e-14 1.67614e-14 -66.1357 3.2498e-14 2.88346e-15 1.88322e-14 964.83 1.99582e-14 -76.3669 3.593e-14 -6.30358e-16 5.02489e-16 9.29985e-15 2.63559e-15 7.16617e-15 -1.98797e-14 52.2849 6.00295e-15 -2.3334e-16 1.23463e-17 -1.94983e-14 2.62432e-15 -1.17161e-15 9.20353e-15 -21.3452 -2.36229e-15 2.72555e-16 -4.20808e-15 1.29728e-16 -1.91084e-16 -6.21337e-16 2.21436e-16 -5.24999e-16 -4.49859e-16 2.16432e-16 9.80359e-16 -2.18083e-16 -5.68433e-16 -2.04601e-16 -2.32378e-16 1.08933e-16 3.36172e-16 7.42514e-16 1.16801e-15 -2.14188e-16 -1.09336e-15 -4.25837e-17 1.99504e-15 1.95591e-16 7.00585e-16 1.5899e-16 2.10169e-16 -2.43219e-16 2.06853e-16 6.61981e-16 1.02048e-15 3.98841e-17 6.11269e-15 -5.23818e-16 5.63448e-16 3.62526e-16 1.1829e-16 3.16342e-16 -5.73417e-16 6.89109e-16 -2.15469e-15 4.87694e-16 -2.30317e-16 -5.78226e-16 6.17608e-17 -3.10994e-16 2.04675e-17 3.03554e-16 2.92279e-16 -5.22452e-16 -2.19096e-16 4.35174e-16 1.17186e-15 6.15052e-15 4.18353e-16 -4.7795e-17 
-2.68031e-15 -16.5339 -3.13617e-15 -2.62266e-14 -6.47846e-15 -8.91159e-16 1.58415e-14 3.66833e-15 -4.51268e-15 -66.1357 1.99217e-14 783.925 2.28706e-14 3.0404e-15 9.32934e-15 3.10783e-16 -2.83194e-15 -1.03743e-15 -2.46816e-14 1.3819e-15 6.09929e-15 -9.6409e-16 61.8643 3.21649e-15 -16.5339 -1.77492e-14 1.05888e-14 2.33533e-15 -2.75127e-15 -3.21283e-16 -3.354e-16 1.78429e-16 5.37063e-16 -3.44253e-16 -2.88281e-16 -7.41896e-16 -2.75483e-15 4.45205e-16 2.3817e-15 1.08907e-16 -9.03668e-16 8.4927e-17 6.81069e-16 -2.38986e-16 1.90697e-16 3.3572e-16 -1.25094e-16 -2.16934e-16 -4.58153e-17 5.76446e-17 1.40724e-15 -4.06761e-16 -8.55798e-16 4.95419e-16 4.11123e-17 9.24975e-16 1.77626e-16 -5.84771e-17 2.62408e-16 -7.3657e-16 -2.05557e-16 7.20529e-16 4.82216e-16 6.62362e-15 1.74822e-16 -1.36333e-15 -7.96631e-17 -6.52847e-16 5.59476e-16 1.96568e-16 -3.03134e-16 -4.79224e-16 -2.30317e-16 1.45691e-16 -3.17027e-16 -5.78226e-16 2.92279e-16 6.14462e-16 6.17608e-17 -2.69253e-16 6.44377e-15 4.93441e-16 1.80568e-16 1.32876e-15 6.53338e-16 
-4.16868e-16 -1.74913e-15 -14.5816 -3.00515e-15 -1.68849e-14 1.96128e-14 -1.82296e-15 1.69795e-14 -66.1357 2.22236e-14 -76.3669 2.3731e-14 964.83 3.52773e-14 2.89584e-15 1.1522e-14 3.27512e-16 -5.83734e-16 1.91715e-15 -2.40537e-14 4.0928e-16 7.93983e-15 1.9391e-15 52.2849 -1.6441e-14 -21.3452 2.7832e-15 6.70297e-15 2.04074e-15 -2.33147e-15 2.72555e-16 2.21436e-16 -2.18083e-16 3.36172e-16 -4.25837e-17 -4.20808e-15 -5.24999e-16 -5.68433e-16 7.42514e-16 1.99504e-15 1.29728e-16 -4.49859e-16 -2.04601e-16 1.16801e-15 1.95591e-16 -1.91084e-16 2.16432e-16 -2.32378e-16 -2.14188e-16 7.00585e-16 -6.21337e-16 9.80359e-16 1.08933e-16 -1.09336e-15 1.5899e-16 2.10169e-16 1.02048e-15 5.63448e-16 -5.73417e-16 -2.43219e-16 3.98841e-17 3.62526e-16 6.89109e-16 2.06853e-16 6.11269e-15 1.1829e-16 -2.15469e-15 6.61981e-16 -5.23818e-16 3.16342e-16 4.87694e-16 -2.30317e-16 -3.10994e-16 2.92279e-16 -5.78226e-16 2.04675e-17 -5.22452e-16 6.17608e-17 3.03554e-16 -2.19096e-16 4.35174e-16 6.15052e-15 1.17186e-15 4.18353e-16 -4.7795e-17 
6.6286e-16 3.18196 5.29709e-15 5.5136e-15 -3.94762e-15 3.30953e-15 2.05322e-14 3.61719e-16 1.99582e-14 -76.3669 3.593e-14 2.55748e-15 3.52773e-14 1206.04 5.0219e-16 2.00532e-15 9.44383e-15 -3.27176e-16 -4.40161e-16 1.60638e-16 -1.82562e-14 3.64642e-15 8.03303e-15 -1.88074e-14 47.7293 5.88481e-15 -9.88582e-16 2.60085e-15 7.49401e-15 2.04373e-15 5.83397e-16 -5.20076e-17 1.87492e-16 -4.42954e-18 7.81839e-17 -5.20076e-17 -3.85359e-15 -1.44022e-16 -4.19399e-16 -3.40795e-16 1.87492e-16 -1.44022e-16 2.35004e-16 1.95092e-16 6.30754e-16 -4.42954e-18 -4.19399e-16 1.95092e-16 5.78644e-16 -1.1889e-16 7.81839e-17 -3.40795e-16 6.30754e-16 -1.1889e-16 -7.84513e-16 2.44626e-16 6.78758e-16 5.2742e-16 2.86283e-17 6.78758e-16 3.2592e-16 1.90141e-16 5.40344e-16 5.2742e-16 1.90141e-16 5.46778e-15 -1.98789e-16 2.86283e-17 5.40344e-16 -1.98789e-16 -1.20141e-16 1.45691e-16 2.92279e-16 -2.69253e-16 2.92279e-16 -5.22452e-16 -2.19096e-16 -2.69253e-16 -2.19096e-16 3.83649e-16 -8.82932e-16 1.63146e-16 1.63146e-16 1.64134e-15 -6.45112e-16 
-4.56511e-15 6.72435e-15 8.75923e-18 8.75923e-18 3.70588e-15 80.1853 -1.89894e-16 7.53558e-15 -3.05745e-15 5.99029e-15 -9.76062e-16 9.4421e-15 1.95688e-15 2.15811e-16 120.604 5.55112e-17 4.4766e-15 -3.76751e-16 -5.1807e-16 -80.1853 1.62216e-14 1.38515e-14 3.5386e-15 1.72085e-14 3.10094e-15 1.89504e-15 1.34357e-15 1.11022e-14 3.08307e-15 -2.09076e-15 2.26814e-15 2.81871e-16 -1.715e-15 -4.53106e-16 5.58765e-16 2.81871e-16 1.83599e-15 6.16765e-16 -5.59679e-16 -2.31666e-16 -1.715e-15 6.16765e-16 -3.77883e-16 -3.71561e-16 1.03653e-15 -4.53106e-16 -5.59679e-16 -3.71561e-16 2.81238e-16 1.97765e-16 5.58765e-16 -2.31666e-16 1.03653e-15 1.97765e-16 -6.64452e-16 1.88524e-16 -1.93307e-16 -1.26395e-15 7.25268e-16 -1.93307e-16 -3.49314e-15 -6.81876e-19 -2.54013e-17 -1.26395e-15 -6.81876e-19 6.95553e-16 -9.45382e-19 7.25268e-16 -2.54013e-17 -9.45382e-19 7.26518e-16 1.24593e-15 -5.6981e-18 2.34656e-16 -5.6981e-18 -1.40666e-15 -1.90197e-16 2.34656e-16 -1.90197e-16 1.00325e-15 8.95431e-16 1.47172e-16 1.47172e-16 3.45969e-15 1.3044e-15 
-1.45069e-16 6.52874e-18 6.77136e-15 2.7622e-15 -3.2724e-16 3.07659e-15 67.7689 -2.51493e-14 4.94201e-15 3.02362e-15 2.86835e-15 2.57492e-16 7.08288e-15 5.48826e-16 5.55112e-17 241.208 3.71925e-15 3.77664e-15 -80.1853 2.33969e-14 -85.7217 -1.32242e-14 1.72085e-14 5.18719e-15 2.07612e-14 7.37691e-17 1.11022e-14 2.71084e-15 4.88498e-15 2.01045e-15 3.63893e-16 9.47852e-16 -1.88298e-16 -1.31497e-15 2.93696e-17 2.37025e-15 1.07607e-15 1.4854e-15 4.38287e-16 -1.12762e-15 7.9624e-16 -2.6504e-15 2.90868e-16 7.39561e-16 -5.45191e-16 -7.22543e-16 -1.014e-15 -3.27368e-16 -1.98455e-16 -4.15596e-16 -2.9908e-16 1.91825e-15 -4.32613e-17 4.26565e-16 1.19352e-17 -1.93307e-16 -1.16269e-15 5.84678e-16 -2.09453e-16 -3.49314e-15 -1.94036e-16 -3.76204e-15 -3.34194e-16 -6.81876e-19 -5.20369e-16 -1.76045e-18 -4.77096e-16 -2.54013e-17 7.24257e-16 7.65541e-16 2.73701e-16 -4.81577e-18 1.28201e-15 2.70013e-16 -1.18885e-15 -1.90429e-16 -2.01005e-15 -1.60746e-16 1.17739e-15 -2.41909e-16 1.09695e-16 7.13756e-16 2.5787e-15 -1.6408e-16 2.47894e-16 
1.94056e-15 -1.56895e-15 -2.71759e-16 -2.36351e-16 2.44165e-15 -21.4304 -2.29435e-14 61.8643 9.74047e-16 1.2036e-15 8.46719e-15 -2.3332e-15 -2.54548e-16 9.55486e-15 4.17549e-15 -3.38618e-15 422.113 1.4988e-15 1.50907e-14 -85.7217 -1.73517e-14 -87.4893 2.63834e-15 1.72085e-14 1.19371e-15 2.28706e-14 3.07554e-15 4.88498e-15 3.41382e-15 8.77076e-15 -9.77015e-16 -2.76074e-17 1.2333e-15 2.5508e-16 -9.28599e-16 1.03581e-15 2.74935e-15 1.05023e-15 9.10415e-16 1.72204e-18 -1.59642e-15 6.98794e-16 -1.72485e-15 8.13936e-17 1.36593e-15 -8.00678e-16 -7.02619e-16 -9.58174e-16 -1.04838e-15 -1.37402e-16 1.79383e-15 -1.91197e-16 1.5548e-15 -2.18297e-16 -1.17329e-16 -1.26395e-15 5.84678e-16 -1.9415e-16 2.19814e-16 -6.81876e-19 -3.76204e-15 -5.34484e-16 -3.84091e-15 6.95553e-16 -1.76045e-18 -1.65793e-15 3.80873e-16 -9.45382e-19 7.65541e-16 1.00449e-15 2.0699e-16 -1.51948e-16 2.4801e-16 1.23104e-15 -1.45217e-16 -1.45897e-15 -2.6747e-16 7.11312e-16 -1.7e-16 3.74778e-16 -3.39956e-16 -2.93979e-16 -2.52066e-16 2.84363e-15 -5.86467e-16 
2.50537e-16 -1.92043e-16 -3.10638e-15 -1.03843e-15 3.3641e-16 -1.91948e-14 -27.6666 7.76184e-15 -3.07515e-15 1.10675e-15 4.32077e-15 -2.30916e-15 -9.72313e-16 -6.26036e-16 1.32211e-15 3.72011e-15 1.4988e-15 663.321 1.35315e-14 -1.64651e-14 -87.4893 -5.99486e-14 2.1984e-15 -5.9727e-16 2.28706e-14 1.83517e-16 -2.09802e-15 1.92576e-15 8.77076e-15 3.09362e-15 -3.89207e-16 -7.79523e-16 4.20363e-16 1.61103e-15 5.51411e-16 9.30719e-16 1.28272e-15 2.40039e-15 6.63782e-16 4.24514e-16 4.66713e-17 -1.11748e-15 5.39129e-16 -1.10641e-15 -1.15938e-16 -1.23406e-16 -9.679e-16 -1.51233e-15 -9.43226e-16 -1.41537e-15 6.68101e-17 1.88844e-15 -3.86817e-16 1.07667e-15 -3.05219e-17 7.25268e-16 -2.09453e-16 2.19814e-16 6.1083e-17 -2.54013e-17 -3.34194e-16 -3.84091e-15 -4.87953e-16 -9.45382e-19 -4.77096e-16 3.80873e-16 -7.27437e-16 7.26518e-16 2.73701e-16 2.0699e-16 7.47722e-16 1.96826e-16 -2.72728e-16 -8.73137e-17 3.47182e-17 -1.65136e-16 -1.23596e-15 2.58169e-17 -2.67415e-16 -4.3532e-16 -3.08305e-16 2.71242e-16 -5.8403e-16 1.85987e-16 -2.38482e-16 
-1.45069e-16 6.52874e-18 2.7622e-15 6.77136e-15 -3.2724e-16 2.96378e-15 5.06272e-15 -8.24923e-16 67.7689 1.74922e-15 6.57934e-15 -2.80054e-14 4.04706e-15 7.39488e-17 -5.1807e-16 -80.1853 1.62216e-14 1.38515e-14 241.208 1.68754e-14 7.79165e-15 1.64913e-15 9.12115e-16 -85.7217 2.07055e-14 1.25267e-14 4.27481e-15 -9.10383e-15 2.77068e-15 1.41495e-15 3.63893e-16 2.37025e-15 7.9624e-16 -7.22543e-16 -2.9908e-16 9.47852e-16 1.07607e-15 -2.6504e-15 -1.014e-15 1.91825e-15 -1.88298e-16 1.4854e-15 2.90868e-16 -3.27368e-16 -4.32613e-17 -1.31497e-15 4.38287e-16 7.39561e-16 -1.98455e-16 4.26565e-16 2.93696e-17 -1.12762e-15 -5.45191e-16 -4.15596e-16 1.19352e-17 -1.93307e-16 -3.49314e-15 -6.81876e-19 -2.54013e-17 -1.16269e-15 -1.94036e-16 -5.20369e-16 7.24257e-16 5.84678e-16 -3.76204e-15 -1.76045e-18 7.65541e-16 -2.09453e-16 -3.34194e-16 -4.77096e-16 2.73701e-16 -4.81577e-18 -1.18885e-15 -1.60746e-16 1.28201e-15 -1.90429e-16 1.17739e-15 2.70013e-16 -2.01005e-15 -2.41909e-16 1.09695e-16 2.5787e-15 7.13756e-16 -1.6408e-16 2.47894e-16 
-2.76618e-15 2.05882e-15 -2.4391e-16 -2.4391e-16 6.12525e-15 4.17676e-15 4.90667e-15 2.42419e-15 2.85148e-15 57.2752 -2.07194e-14 3.45274e-15 -1.76074e-14 3.1399e-15 -80.1853 2.33969e-14 -85.7217 -1.32242e-14 1.68754e-14 361.811 2.13163e-14 3.8555e-15 -85.7217 2.79701e-14 -91.6403 -1.19437e-14 -9.10383e-15 1.53186e-15 -1.11022e-14 -4.152e-15 3.05998e-15 1.3892e-15 1.91764e-15 5.65826e-16 -1.45576e-15 1.3892e-15 -1.83674e-15 9.27744e-17 -8.43646e-16 -5.91617e-16 1.91764e-15 9.27744e-17 1.34399e-15 2.81063e-16 -1.77331e-15 5.65826e-16 -8.43646e-16 2.81063e-16 1.31927e-15 -6.04739e-16 -1.45576e-15 -5.91617e-16 -1.77331e-15 -6.04739e-16 -2.99213e-16 -3.49314e-15 -1.94036e-16 -3.76204e-15 -3.34194e-16 -1.94036e-16 -1.71899e-15 5.82796e-16 -7.19489e-16 -3.76204e-15 5.82796e-16 -3.18652e-15 -5.8636e-17 -3.34194e-16 -7.19489e-16 -5.8636e-17 -7.02293e-16 -1.00476e-15 -1.60942e-16 -1.6988e-15 -1.60942e-16 2.23251e-15 -7.87685e-18 -1.6988e-15 -7.87685e-18 -1.99471e-15 1.92205e-15 -1.22298e-16 -1.22298e-16 1.33263e-15 -1.40887e-16 
1.24395e-16 -1.76165e-16 1.8199e-15 -2.0634e-15 -7.07228e-17 -6.74591e-16 1.01723e-15 4.89973e-15 -18.112 -1.96392e-14 52.2849 5.76449e-15 1.9455e-15 -1.80342e-14 1.50907e-14 -85.7217 -1.73517e-14 -87.4893 6.99599e-15 7.10543e-15 542.717 2.74225e-14 1.94883e-14 -91.6403 -1.4825e-14 -93.53 1.54977e-15 -1.11022e-14 -4.02031e-15 -1.02141e-14 1.33723e-15 3.5494e-15 1.35585e-15 1.17534e-15 2.22314e-18 -3.10471e-15 7.71257e-16 -3.99511e-16 4.23292e-16 3.78425e-16 2.88172e-16 2.37799e-15 1.26238e-16 -1.37491e-16 -1.5381e-16 2.11242e-16 5.76903e-16 -2.03742e-16 -1.53701e-16 1.41661e-15 -7.41918e-16 -2.61859e-15 -7.70462e-16 -1.80752e-15 -7.75993e-16 -6.81876e-19 -3.76204e-15 -5.34484e-16 -3.84091e-15 -5.20369e-16 5.82796e-16 -1.96656e-15 6.26984e-16 -1.76045e-18 -3.18652e-15 5.24598e-16 -3.88026e-15 -4.77096e-16 -5.8636e-17 -9.89982e-16 4.92475e-16 -1.22731e-16 -1.23305e-15 -2.26054e-16 5.65749e-16 4.37038e-17 1.40616e-15 -2.58801e-16 -1.2837e-15 -2.69427e-17 -1.87879e-16 2.11952e-15 2.61471e-16 -4.27271e-16 -9.89704e-17 
1.4471e-15 -7.73997e-16 2.50745e-16 1.90669e-16 -3.25876e-15 -2.59897e-15 1.29324e-15 3.65172e-15 -1.8476e-14 -23.3825 5.94901e-15 -9.21872e-16 8.49321e-15 4.81527e-15 1.35315e-14 -1.64651e-14 -87.4893 -5.99486e-14 3.6723e-15 3.0816e-15 2.03171e-14 783.925 1.21767e-14 -1.55008e-14 -93.53 -6.07123e-14 8.4772e-16 -5.00188e-15 -1.02141e-14 -4.22047e-15 1.20155e-15 1.65599e-15 3.09889e-15 8.56938e-16 5.48045e-16 -4.48572e-16 -2.29671e-15 1.16522e-15 8.02252e-16 5.77995e-16 9.34773e-16 3.83668e-16 1.0569e-15 -3.03048e-16 -1.11469e-15 1.28207e-16 8.60925e-16 1.75422e-16 -4.12849e-17 -1.65856e-16 -1.67202e-15 -1.11357e-15 -2.91221e-15 -1.00961e-15 -8.52156e-16 -2.54013e-17 -3.34194e-16 -3.84091e-15 -4.87953e-16 7.24257e-16 -7.19489e-16 6.26984e-16 -7.1658e-16 7.65541e-16 -5.8636e-17 -3.88026e-15 2.94187e-16 2.73701e-16 -7.02293e-16 4.92475e-16 -3.86018e-16 2.93422e-17 -1.39565e-16 -1.04458e-15 1.91543e-16 -4.91468e-16 -4.98623e-16 6.70126e-16 -2.16847e-16 -8.72413e-16 -4.35311e-16 1.38626e-16 -1.72055e-16 3.62652e-16 -1.38381e-16 
1.94056e-15 -1.56895e-15 -2.36351e-16 -2.71759e-16 2.44165e-15 -21.4304 1.56051e-15 -1.84747e-15 -2.30753e-14 2.09347e-15 3.28369e-16 61.8643 2.54447e-15 8.17624e-15 3.5386e-15 1.54321e-14 3.10094e-15 1.89504e-15 9.12115e-16 -85.7217 2.07055e-14 1.25267e-14 422.113 -2.17604e-14 7.7188e-15 1.32061e-15 1.1011e-15 -87.4893 2.19275e-14 1.11433e-14 -9.77015e-16 1.03581e-15 -1.59642e-15 -8.00678e-16 1.79383e-15 -2.76074e-17 2.74935e-15 6.98794e-16 -7.02619e-16 -1.91197e-16 1.2333e-15 1.05023e-15 -1.72485e-15 -9.58174e-16 1.5548e-15 2.5508e-16 9.10415e-16 8.13936e-17 -1.04838e-15 -2.18297e-16 -9.28599e-16 1.72204e-18 1.36593e-15 -1.37402e-16 -1.17329e-16 -1.26395e-15 -6.81876e-19 6.95553e-16 -9.45382e-19 5.84678e-16 -3.76204e-15 -1.76045e-18 7.65541e-16 -1.9415e-16 -5.34484e-16 -1.65793e-15 1.00449e-15 2.19814e-16 -3.84091e-15 3.80873e-16 2.0699e-16 -1.51948e-16 -1.45217e-16 7.11312e-16 2.4801e-16 -1.45897e-15 -1.7e-16 1.23104e-15 -2.6747e-16 3.74778e-16 -3.39956e-16 -2.52066e-16 -2.93979e-16 2.84363e-15 -5.86467e-16 
1.24395e-16 -1.76165e-16 -2.0634e-15 1.8199e-15 -7.07228e-17 -6.23595e-16 -18.112 7.14486e-15 1.8311e-15 -2.15175e-14 2.09973e-15 3.17726e-15 52.2849 -1.86286e-14 1.54321e-14 5.18719e-15 2.44249e-14 7.37691e-17 -85.7217 2.79701e-14 -91.6403 -1.19437e-14 -2.17604e-14 542.717 -1.24345e-14 -4.51118e-16 -87.4893 2.64504e-14 -93.53 -1.05407e-14 1.33723e-15 -3.10471e-15 2.88172e-16 2.11242e-16 -7.41918e-16 3.5494e-15 7.71257e-16 2.37799e-15 5.76903e-16 -2.61859e-15 1.35585e-15 -3.99511e-16 1.26238e-16 -2.03742e-16 -7.70462e-16 1.17534e-15 4.23292e-16 -1.37491e-16 -1.53701e-16 -1.80752e-15 2.22314e-18 3.78425e-16 -1.5381e-16 1.41661e-15 -7.75993e-16 -6.81876e-19 -5.20369e-16 -1.76045e-18 -4.77096e-16 -3.76204e-15 5.82796e-16 -3.18652e-15 -5.8636e-17 -5.34484e-16 -1.96656e-15 5.24598e-16 -9.89982e-16 -3.84091e-15 6.26984e-16 -3.88026e-15 4.92475e-16 -1.22731e-16 5.65749e-16 -2.58801e-16 -1.23305e-15 4.37038e-17 -1.2837e-15 -2.26054e-16 1.40616e-15 -2.69427e-17 -1.87879e-16 2.61471e-16 2.11952e-15 -4.27271e-16 -9.89704e-17 
-9.94041e-16 2.89774e-17 2.04898e-16 2.04898e-16 1.10685e-15 5.72752 5.93552e-15 -16.5339 4.5311e-15 1.45432e-15 -1.74999e-14 -16.5339 -1.71112e-14 47.7293 2.63834e-15 2.44249e-14 1.19371e-15 2.28706e-14 1.94883e-14 -91.6403 -1.4825e-14 -93.53 6.10978e-15 -1.24345e-14 723.623 -1.5099e-14 1.98858e-14 -93.53 -1.13633e-14 -95.4587 -2.83538e-15 9.57205e-16 -1.6361e-15 2.72568e-16 1.32562e-15 9.57205e-16 4.28304e-15 7.91289e-16 4.19237e-16 -1.6506e-16 -1.6361e-15 7.91289e-16 9.6583e-16 2.18047e-16 6.33571e-16 2.72568e-16 4.19237e-16 2.18047e-16 -1.07046e-15 -8.52581e-16 1.32562e-15 -1.6506e-16 6.33571e-16 -8.52581e-16 6.68304e-16 6.95553e-16 -1.76045e-18 -1.65793e-15 3.80873e-16 -1.76045e-18 -3.18652e-15 5.24598e-16 -3.88026e-15 -1.65793e-15 5.24598e-16 -1.4261e-15 7.7334e-16 3.80873e-16 -3.88026e-15 7.7334e-16 -5.16085e-15 5.89399e-16 -1.97441e-16 -3.98616e-17 -1.97441e-16 -7.81929e-16 4.68892e-17 -3.98616e-17 4.68892e-17 1.12725e-15 5.00302e-16 -2.29084e-17 -2.29084e-17 1.83113e-15 1.82624e-16 
-9.29758e-17 3.12578e-16 6.33694e-16 -1.02701e-15 1.3632e-17 3.34846e-15 7.3942 -2.55744e-15 -1.96825e-17 7.00134e-15 3.24094e-15 -1.65924e-14 -21.3452 6.68341e-15 2.1984e-15 -5.9727e-16 2.28706e-14 1.83517e-16 1.21767e-14 -1.55008e-14 -93.53 -6.07123e-14 2.48108e-15 -1.46472e-15 -2.22045e-14 964.83 1.15073e-14 -1.29043e-14 -95.4587 -6.24796e-14 -1.77633e-16 -2.04437e-15 1.01392e-15 -5.38166e-16 1.82198e-16 1.59008e-15 1.21433e-15 2.63849e-15 8.66108e-17 -9.39276e-16 -3.92187e-16 -5.22279e-16 9.40335e-16 1.8577e-15 5.5684e-16 -6.55547e-16 1.38527e-16 -5.34065e-16 -5.03346e-16 -7.56605e-16 -1.9748e-16 1.86822e-15 -9.10009e-16 -3.93361e-17 3.27977e-16 -9.45382e-19 -4.77096e-16 3.80873e-16 -7.27437e-16 7.65541e-16 -5.8636e-17 -3.88026e-15 2.94187e-16 1.00449e-15 -9.89982e-16 7.7334e-16 -4.30103e-16 2.0699e-16 4.92475e-16 -5.16085e-15 6.52183e-16 -3.26858e-17 -1.33426e-16 -3.12521e-16 6.0246e-16 -1.53819e-16 -4.66075e-16 2.57807e-16 -4.00386e-16 -4.90402e-16 1.68433e-16 -8.76643e-19 -8.25795e-16 1.94605e-16 7.55514e-17 
2.50537e-16 -1.92043e-16 -1.03843e-15 -3.10638e-15 3.3641e-16 -1.90403e-14 -3.33884e-15 1.06261e-15 -27.6666 1.77073e-15 -5.64396e-16 6.59195e-15 4.81966e-15 -4.78235e-16 1.34357e-15 1.11022e-14 3.08307e-15 -2.09076e-15 4.27481e-15 -9.32587e-15 2.77068e-15 1.41495e-15 1.1011e-15 -87.4893 2.19275e-14 1.11433e-14 663.321 -6.66134e-14 7.24684e-15 2.20066e-15 -3.89207e-16 9.30719e-16 4.66713e-17 -1.23406e-16 6.68101e-17 -7.79523e-16 1.28272e-15 -1.11748e-15 -9.679e-16 1.88844e-15 4.20363e-16 2.40039e-15 5.39129e-16 -1.51233e-15 -3.86817e-16 1.61103e-15 6.63782e-16 -1.10641e-15 -9.43226e-16 1.07667e-15 5.51411e-16 4.24514e-16 -1.15938e-16 -1.41537e-15 -3.05219e-17 7.25268e-16 -2.54013e-17 -9.45382e-19 7.26518e-16 -2.09453e-16 -3.34194e-16 -4.77096e-16 2.73701e-16 2.19814e-16 -3.84091e-15 3.80873e-16 2.0699e-16 6.1083e-17 -4.87953e-16 -7.27437e-16 7.47722e-16 1.96826e-16 3.47182e-17 2.58169e-17 -2.72728e-16 -1.65136e-16 -2.67415e-16 -8.73137e-17 -1.23596e-15 -4.3532e-16 -3.08305e-16 -5.8403e-16 2.71242e-16 1.85987e-16 -2.38482e-16 
1.4471e-15 -7.73997e-16 1.90669e-16 2.50745e-16 -3.25876e-15 -2.674e-15 -1.70072e-14 -7.48776e-16 -4.35081e-16 -23.3825 9.17325e-15 3.1438e-15 6.71685e-15 3.98852e-15 1.11022e-14 2.71084e-15 4.88498e-15 2.01045e-15 -9.32587e-15 1.53186e-15 -9.76996e-15 -4.152e-15 -87.4893 2.64504e-14 -93.53 -1.05407e-14 -6.66134e-14 783.925 -6.4837e-14 1.03251e-16 1.20155e-15 -4.48572e-16 9.34773e-16 1.28207e-16 -1.67202e-15 1.65599e-15 -2.29671e-15 3.83668e-16 8.60925e-16 -1.11357e-15 3.09889e-15 1.16522e-15 1.0569e-15 1.75422e-16 -2.91221e-15 8.56938e-16 8.02252e-16 -3.03048e-16 -4.12849e-17 -1.00961e-15 5.48045e-16 5.77995e-16 -1.11469e-15 -1.65856e-16 -8.52156e-16 -2.54013e-17 7.24257e-16 7.65541e-16 2.73701e-16 -3.34194e-16 -7.19489e-16 -5.8636e-17 -7.02293e-16 -3.84091e-15 6.26984e-16 -3.88026e-15 4.92475e-16 -4.87953e-16 -7.1658e-16 2.94187e-16 -3.86018e-16 2.93422e-17 1.91543e-16 6.70126e-16 -1.39565e-16 -4.91468e-16 -2.16847e-16 -1.04458e-15 -4.98623e-16 -8.72413e-16 -4.35311e-16 -1.72055e-16 1.38626e-16 3.62652e-16 -1.38381e-16 
-9.29758e-17 3.12578e-16 -1.02701e-15 6.33694e-16 1.3632e-17 4.36543e-15 1.29833e-16 -2.00586e-14 7.3942 8.53532e-15 -21.3452 -3.53537e-15 2.92925e-15 7.49401e-15 3.07554e-15 4.88498e-15 3.41382e-15 8.77076e-15 1.54977e-15 -9.76996e-15 -4.02031e-15 -8.88178e-15 1.98858e-14 -93.53 -1.13633e-14 -95.4587 3.74425e-15 -6.4837e-14 964.83 -6.03961e-14 -1.77633e-16 1.59008e-15 -3.92187e-16 -6.55547e-16 -1.9748e-16 -2.04437e-15 1.21433e-15 -5.22279e-16 1.38527e-16 1.86822e-15 1.01392e-15 2.63849e-15 9.40335e-16 -5.34065e-16 -9.10009e-16 -5.38166e-16 8.66108e-17 1.8577e-15 -5.03346e-16 -3.93361e-17 1.82198e-16 -9.39276e-16 5.5684e-16 -7.56605e-16 3.27977e-16 -9.45382e-19 7.65541e-16 1.00449e-15 2.0699e-16 -4.77096e-16 -5.8636e-17 -9.89982e-16 4.92475e-16 3.80873e-16 -3.88026e-15 7.7334e-16 -5.16085e-15 -7.27437e-16 2.94187e-16 -4.30103e-16 6.52183e-16 -3.26858e-17 6.0246e-16 2.57807e-16 -1.33426e-16 -1.53819e-16 -4.00386e-16 -3.12521e-16 -4.66075e-16 -4.90402e-16 1.68433e-16 -8.25795e-16 -8.76643e-19 1.94605e-16 7.55514e-17 
-6.74651e-16 5.67799e-17 -2.36367e-16 -2.36367e-16 1.30932e-15 2.53122e-15 5.80699e-15 -1.06752e-15 5.85575e-15 9.54587 -1.83197e-15 -4.77421e-16 -2.22045e-15 2.06257e-15 -2.09802e-15 1.92576e-15 8.77076e-15 3.09362e-15 8.4772e-16 -5.00188e-15 -2.30926e-14 -4.22047e-15 1.15073e-14 -1.29043e-14 -95.4587 -6.24796e-14 3.94112e-15 -1.26232e-15 -6.03961e-14 1206.04 7.04126e-16 -1.8572e-16 8.56267e-17 -7.37145e-16 -1.64834e-15 -1.8572e-16 -7.21347e-16 1.05317e-15 5.4319e-16 2.38565e-16 8.56267e-17 1.05317e-15 1.20175e-15 -1.34506e-16 -6.88151e-16 -7.37145e-16 5.4319e-16 -1.34506e-16 1.9304e-15 1.07992e-15 -1.64834e-15 2.38565e-16 -6.88151e-16 1.07992e-15 -9.46426e-18 7.26518e-16 2.73701e-16 2.0699e-16 7.47722e-16 2.73701e-16 -7.02293e-16 4.92475e-16 -3.86018e-16 2.0699e-16 4.92475e-16 -5.16085e-15 6.52183e-16 7.47722e-16 -3.86018e-16 6.52183e-16 1.81286e-16 4.37914e-16 1.7598e-17 6.62454e-16 1.7598e-17 2.00713e-17 -1.92158e-16 6.62454e-16 -1.92158e-16 4.43426e-16 -1.3761e-16 -2.88508e-18 -2.88508e-18 -6.72821e-16 1.53976e-16 
4.02453e-15 1.13081e-14 1.36311e-16 1.36311e-16 -3.16924e-15 -1.92404e-15 -3.60114e-16 6.88385e-16 -3.60114e-16 -3.79958e-15 -1.09015e-16 6.88385e-16 -1.09015e-16 -1.24464e-15 2.61851e-15 -4.31988e-16 -7.20639e-16 -5.23576e-16 -4.31988e-16 3.75186e-15 1.95717e-16 7.84397e-16 -7.20639e-16 1.95717e-16 -2.5593e-15 -4.96133e-16 -5.23576e-16 7.84397e-16 -4.96133e-16 4.65199e-16 -6.23222e-15 6.21725e-15 5.8059e-15 3.50881e-16 -1.78929e-15 7.44483e-15 -133.642 5.48787e-15 3.53065e-14 -4.0862e-14 5.41077e-15 -1.77636e-15 2.46516e-15 -2.11479e-15 -1.57068e-15 3.64706e-16 4.08562e-14 -1.90516e-15 1.32738e-15 -4.31787e-16 -1.6553e-15 -3.90799e-14 -1.16373e-15 -9.70992e-16 4.84259e-15 94.4993 -8.00419e-15 -4.81659e-15 -1.85027e-14 1.94289e-15 1.58855e-14 -2.00259e-15 4.61827e-15 -3.38618e-15 4.70834e-16 -6.13792e-16 -5.48912e-16 -2.40918e-14 4.75762e-15 1.83041e-16 1.86314e-15 -1.41783e-14 -4.94495e-16 -9.67771e-16 -4.94495e-16 1.40636e-14 -7.11367e-16 -9.67771e-16 -7.11367e-16 -3.45672e-16 -6.20881e-15 3.2662e-16 3.2662e-16 -2.66728e-15 -1.63786e-14 
4.3833e-17 7.86991e-17 8.47977e-15 -1.82976e-15 4.1959e-16 -2.3575e-16 -7.39207e-16 -7.25475e-16 -2.48741e-15 -3.18158e-16 -3.83683e-15 -7.1367e-17 -4.90206e-16 4.53521e-16 -3.34617e-16 1.43154e-15 -8.00223e-16 -5.69513e-16 2.90618e-15 -1.72547e-16 3.76977e-15 1.33825e-15 1.51602e-16 -2.67751e-15 -2.57239e-16 -1.69166e-15 6.07591e-16 -8.16397e-16 1.04271e-15 -2.57526e-16 1.33227e-14 60.3019 1.15463e-14 2.63975e-15 -9.96309e-16 -133.642 -2.3109e-15 -119.533 -3.29516e-14 3.94519e-14 -1.77636e-15 8.1585e-15 -3.55271e-15 -1.6016e-16 -1.3632e-15 4.08562e-14 -6.1739e-15 3.19744e-14 -2.76963e-15 5.86139e-16 -3.90799e-14 7.63706e-16 -4.44089e-14 2.85362e-15 9.51492e-16 -1.59878e-15 73.1988 -1.82397e-14 -7.93936e-15 1.24885e-14 -9.02056e-15 1.65115e-14 -1.43543e-15 -1.01547e-15 -5.32907e-15 -9.26895e-16 1.09085e-15 2.62135e-15 -1.27121e-14 6.08422e-15 -4.25669e-16 -3.23723e-16 -1.00134e-14 -4.32491e-16 9.20676e-15 -8.61467e-16 1.64957e-14 -4.65699e-16 -8.94858e-16 -2.76925e-16 1.88574e-16 -5.39642e-15 -1.53995e-15 3.13043e-16 4.90947e-17 
-2.56288e-15 -7.16922e-15 2.9232e-17 1.18444e-16 -6.16202e-17 1.61009e-15 -3.83069e-16 -7.86546e-16 1.69752e-16 -8.15256e-16 -2.7634e-16 -1.12843e-15 4.52942e-16 -5.03971e-17 -1.68783e-15 -5.47671e-16 1.59291e-15 -1.63597e-16 3.33547e-16 1.81225e-15 8.8596e-16 2.96776e-15 -1.51309e-15 -3.25685e-16 -1.21597e-15 -3.25592e-17 -1.21645e-16 6.14567e-16 -4.44483e-16 -5.46399e-16 6.95143e-15 1.15463e-14 180.906 8.88178e-15 6.45625e-16 4.73079e-15 -119.533 -2.89569e-14 -117.379 -6.27959e-15 2.92823e-15 3.55271e-15 6.60135e-15 -3.55271e-15 1.9585e-15 -1.46355e-15 2.4869e-14 2.64981e-15 3.55271e-14 -2.67098e-15 -1.9383e-15 -3.73035e-14 4.27249e-15 -4.08562e-14 3.02845e-15 -42.2614 -1.59162e-14 67.7689 2.9184e-14 -1.26288e-15 8.96598e-15 -1.113e-14 1.67796e-14 5.96745e-15 -2.87257e-16 -1.69309e-15 -1.8673e-15 9.88098e-15 3.16923e-15 -1.32672e-14 3.30201e-15 8.52271e-15 -4.96002e-17 -8.95753e-15 -7.76662e-17 4.95653e-15 -2.12971e-16 4.27032e-16 2.20432e-16 -4.78255e-16 3.45828e-15 -4.63576e-18 -1.63104e-16 -7.62509e-16 1.15428e-14 
-8.7635e-17 -6.09278e-17 -8.38977e-15 1.82283e-15 -5.19351e-16 -4.54469e-17 1.27591e-15 4.32004e-16 1.9254e-15 2.12686e-16 -3.86712e-16 4.1028e-16 -3.85257e-16 3.29291e-16 -1.42244e-16 -1.44453e-15 1.41136e-16 1.59399e-15 -1.36126e-15 1.30517e-15 7.25386e-16 2.02413e-16 -4.41611e-16 2.45788e-16 -7.6429e-17 -2.13769e-16 -7.67437e-17 3.05035e-16 -1.0082e-15 -6.14031e-16 9.46609e-16 2.89011e-15 8.88178e-15 361.811 9.76996e-15 3.52917e-14 -3.15022e-14 -117.379 -1.25573e-14 -116.652 -1.34454e-15 -6.83065e-16 -3.55271e-15 3.18629e-15 -1.06581e-14 -1.86861e-16 -1.81684e-15 3.19744e-14 -4.41055e-16 3.01981e-14 7.2619e-17 3.52307e-15 -3.37508e-14 -2.53412e-15 -3.55271e-14 -1.61407e-14 -47.9199 3.08132e-14 65.2107 -6.54676e-15 0 7.31458e-15 -5.9952e-15 1.95332e-15 6.16174e-15 -1.16291e-15 -3.80251e-15 -7.84573e-16 1.01863e-14 8.2377e-16 -1.07692e-14 2.92694e-16 8.8402e-15 2.26886e-17 -5.68133e-15 6.36089e-16 9.87968e-16 6.38545e-16 8.17953e-16 -2.02774e-16 -1.95082e-16 4.59034e-15 1.06698e-15 -4.11564e-16 -2.02899e-18 
6.18505e-16 1.66458e-15 -8.90298e-18 -4.62701e-16 1.78602e-15 -6.6319e-16 7.25497e-16 1.39693e-15 -1.12955e-17 1.92948e-15 -1.01562e-16 8.46519e-16 1.3712e-16 -9.36838e-17 4.16456e-16 5.58748e-16 -1.42986e-15 6.38864e-16 8.22594e-16 -2.34337e-15 5.42694e-16 3.08203e-16 1.74063e-15 -1.36684e-16 1.24975e-15 -3.49664e-17 3.93095e-16 -1.64296e-15 1.42101e-16 -1.72883e-15 -4.31007e-16 -2.28348e-15 4.74572e-15 2.66454e-15 603.019 -3.85642e-14 4.11906e-14 -1.31176e-14 -116.652 4.61743e-14 -3.42378e-16 -2.31305e-15 3.4822e-15 -3.55271e-15 5.782e-15 -5.78815e-16 2.67676e-15 -3.05656e-15 3.01981e-14 -1.03416e-15 4.99777e-15 3.87679e-16 1.3168e-15 -3.55271e-14 2.38068e-17 -8.31717e-15 2.86497e-14 -50.512 2.89233e-15 -7.6035e-16 -6.49931e-15 2.06779e-15 4.78724e-15 1.43001e-17 -7.62879e-16 1.55431e-15 8.27605e-17 -4.71695e-17 -1.39527e-15 1.18794e-14 1.57381e-15 -1.94566e-15 2.89079e-16 9.84698e-15 5.55217e-16 -8.3928e-15 5.84845e-16 1.83773e-16 8.14959e-17 6.19768e-16 -4.43604e-16 -2.11101e-16 -1.08104e-16 2.02355e-15 -3.672e-15 
4.3833e-17 7.86991e-17 -1.82976e-15 8.47977e-15 4.1959e-16 -2.3575e-16 -2.48741e-15 -7.1367e-17 -7.39207e-16 -3.18158e-16 -4.90206e-16 -7.25475e-16 -3.83683e-15 4.53521e-16 -3.34617e-16 2.90618e-15 1.51602e-16 6.07591e-16 1.43154e-15 -1.72547e-16 -2.67751e-15 -8.16397e-16 -8.00223e-16 3.76977e-15 -2.57239e-16 1.04271e-15 -5.69513e-16 1.33825e-15 -1.69166e-15 -2.57526e-16 7.44483e-15 -133.642 5.48787e-15 3.53065e-14 -4.0862e-14 60.3019 5.32907e-15 8.01081e-15 -1.54065e-15 -3.19415e-15 6.97919e-15 -119.533 3.23518e-15 3.2745e-14 -3.69273e-14 3.30747e-15 -2.84217e-14 1.14939e-15 -2.705e-15 2.84741e-15 7.08586e-16 4.26326e-14 -1.31935e-15 2.67013e-16 -3.7655e-16 3.83027e-15 1.23048e-14 -1.5512e-15 3.57729e-15 73.1988 -5.81013e-15 -4.23919e-15 -1.47867e-14 -1.70974e-14 1.71753e-14 -1.5036e-15 5.39893e-15 -8.32667e-15 2.92186e-16 6.02376e-16 -1.9714e-15 -3.23723e-16 9.20676e-15 -4.65699e-16 -1.00134e-14 -8.61467e-16 -8.94858e-16 -4.32491e-16 1.64957e-14 -2.76925e-16 1.88574e-16 -1.53995e-15 -5.39642e-15 3.13043e-16 4.90947e-17 
-1.70756e-16 -1.05641e-15 2.4225e-16 2.4225e-16 7.31287e-15 -1.62839e-15 -2.08283e-16 -2.5118e-15 -2.08283e-16 -8.54485e-16 -1.32105e-16 -2.5118e-15 -1.32105e-16 -3.64768e-15 2.25112e-15 -1.33655e-16 2.92005e-15 1.0366e-15 -1.33655e-16 -1.10832e-15 -8.32864e-16 -1.84197e-15 2.92005e-15 -8.32864e-16 4.00292e-15 8.90527e-16 1.0366e-15 -1.84197e-15 8.90527e-16 -8.9246e-16 -133.642 -2.3109e-15 -119.533 -3.29516e-14 3.94519e-14 5.32907e-15 120.604 1.42109e-14 2.49649e-15 -2.21559e-15 -119.533 -7.48952e-15 -106.914 -3.19054e-14 3.58017e-14 -2.84217e-14 7.83231e-15 -4.26326e-14 2.35017e-15 -3.66783e-16 4.26326e-14 -6.24388e-15 3.90799e-14 -2.17595e-15 9.85862e-16 9.67355e-15 -3.33067e-16 1.27897e-14 -1.11188e-15 -2.0793e-15 56.6996 -1.48959e-14 -5.2465e-15 1.25569e-14 -8.27116e-15 1.88149e-14 -1.5484e-15 -1.03368e-15 -7.32747e-15 -2.15039e-15 -1.41649e-16 6.02724e-15 -5.63962e-16 1.0799e-14 -5.63962e-16 -7.23177e-15 -4.92468e-16 1.0799e-14 -4.92468e-16 1.83713e-14 -8.89092e-16 1.80735e-16 1.80735e-16 -4.51545e-15 2.96991e-15 
5.35119e-17 6.83837e-17 -3.55765e-17 -4.76023e-15 -5.17921e-17 1.11129e-16 -5.3371e-16 -1.80907e-16 2.01039e-16 9.16141e-17 -5.53012e-16 7.14414e-16 -6.31589e-16 -3.50805e-16 2.58365e-16 1.40376e-15 6.86262e-16 2.29882e-15 -2.56035e-15 -6.93917e-16 2.2694e-16 -1.53684e-16 1.73395e-16 2.02009e-15 3.57988e-16 1.99575e-15 -9.5846e-16 2.25984e-16 -6.57294e-16 7.51756e-16 4.73079e-15 -119.533 -2.89569e-14 -117.379 -6.27959e-15 9.57052e-15 2.84217e-14 241.208 -7.10543e-15 2.39736e-15 2.9459e-15 -106.914 -2.35725e-14 -104.987 -7.96258e-15 8.80007e-16 -2.84217e-14 9.52737e-15 -3.19744e-14 4.36362e-15 -1.3732e-15 3.90799e-14 4.32634e-16 2.4869e-14 -3.58788e-15 -2.55351e-15 6.94502e-15 -2.9976e-15 1.29974e-14 -32.7355 -1.25665e-14 52.4936 2.10596e-14 4.7462e-15 1.0103e-14 -1.55986e-14 1.66855e-14 3.21965e-15 -1.17029e-15 -4.66294e-15 -2.09085e-15 -5.08445e-17 3.24481e-15 -1.39422e-16 5.90223e-15 1.3416e-16 -6.22561e-15 1.2309e-16 4.98788e-15 -5.47631e-16 -9.4168e-17 -4.40235e-16 3.11868e-15 7.0436e-17 -6.61883e-17 
