1206.04 11.1368 2.65404e-15 2.20743e-15 2.36984e-18 1.36264e-15 -4.42173e-18 -4.07858e-16 -4.42173e-18 1.48644e-16 -9.97542e-18 -4.07858e-16 -9.97542e-18 9.70093e-17 -5.1425e-16 -2.65228e-17 2.14904e-16 2.49089e-17 -2.65228e-17 -3.644e-16 2.07661e-17 2.22497e-16 2.14904e-16 2.07661e-17 -8.80472e-17 -2.89272e-17 2.49089e-17 2.22497e-16 -2.89272e-17 -1.40214e-16 4.74331e-16 2.08293e-18 -3.27437e-16 -1.78152e-17 1.24732e-16 2.08293e-18 -2.50798e-18 4.65169e-18 -5.742e-18 -1.04306e-17 -3.27437e-16 4.65169e-18 2.35673e-16 5.39269e-18 -1.1305e-16 -1.78152e-17 -5.742e-18 5.39269e-18 2.01103e-17 8.09626e-18 1.24732e-16 -1.04306e-17 -1.1305e-16 8.09626e-18 9.30678e-17 9.34192e-16 1.31017e-17 -3.83852e-16 -3.24439e-17 1.31017e-17 -1.71644e-16 1.59442e-17 8.16581e-17 -3.83852e-16 1.59442e-17 2.15125e-16 8.14579e-18 -3.24439e-17 8.16581e-17 8.14579e-18 -3.99858e-17 1.0315e-15 1.09691e-16 -2.46808e-16 1.09691e-16 -4.19929e-16 -1.39184e-16 -2.46808e-16 -1.39184e-16 2.05978e-17 -3.78378e-15 6.40594e-17 6.40594e-17 -5.06318e-19 2.75681e-15 
11.1368 723.623 -3.34819e-16 -6.53621e-16 -5.56842 10.7391 8.03135e-16 -2.06674 1.00969e-15 -5.28795e-16 -1.19615e-16 -2.06674 -1.49956e-16 0.397744 8.78904e-16 5.23603e-17 -2.79019e-16 -7.38829e-17 5.23603e-17 2.84738e-16 -4.92186e-17 -1.05188e-16 -2.79019e-16 -4.92186e-17 7.73673e-17 4.34013e-17 -7.38829e-17 -1.05188e-16 4.34013e-17 1.23792e-17 1.37392e-15 -7.08021e-18 -8.76919e-16 6.41279e-18 2.02729e-16 -7.08021e-18 -9.43312e-17 1.67957e-17 9.86675e-17 -1.31222e-17 -8.76919e-16 1.67957e-17 6.00394e-16 -1.72317e-17 -2.08975e-16 6.41279e-18 9.86675e-17 -1.72317e-17 -9.90056e-17 1.40515e-17 2.02729e-16 -1.31222e-17 -2.08975e-16 1.40515e-17 1.77776e-16 6.24961e-16 2.52585e-17 -3.31669e-16 -1.54387e-17 2.52585e-17 -6.50759e-16 7.81857e-18 2.58892e-16 -3.31669e-16 7.81857e-18 2.4882e-16 -9.9738e-18 -1.54387e-17 2.58892e-16 -9.9738e-18 -1.4323e-16 5.59114e-15 -3.80372e-17 -1.13847e-15 -3.80372e-17 1.89546e-17 2.2668e-17 -1.13847e-15 2.2668e-17 2.04781e-16 -7.01487e-16 3.3651e-17 3.3651e-17 7.01359e-17 4.55084e-15 
2.18156e-15 -2.23796e-16 964.83 -5.56842 7.08283e-16 1.90103e-15 9.471 -2.8452e-15 -4.60477e-16 3.86003e-16 -4.63843e-16 -2.2816e-16 -1.82269 5.8067e-16 7.02488e-17 7.78984e-16 -3.30545e-17 -3.87794e-16 3.82017e-16 -3.44194e-19 2.54413e-16 -5.36283e-18 -6.60337e-17 -2.63377e-16 -7.05991e-18 1.47096e-16 -1.41125e-16 -3.68749e-17 -1.32748e-16 1.63055e-17 -1.22633e-17 1.02119e-15 -1.21299e-18 -1.02754e-15 2.93516e-17 -1.63386e-16 1.37565e-17 3.96338e-18 5.71199e-18 8.00006e-17 2.90911e-17 -5.88743e-16 -1.94448e-19 5.97425e-16 -2.71034e-17 1.70897e-16 -1.5588e-17 2.24002e-18 -4.9704e-18 -9.8765e-17 -2.27284e-17 2.7395e-17 1.04734e-18 -4.91372e-17 1.2958e-17 3.38878e-17 3.6277e-16 1.36276e-17 -1.18165e-16 -8.73085e-16 4.51018e-17 -5.54387e-16 -7.29447e-17 1.04897e-17 -8.81036e-17 -3.38618e-18 5.92369e-17 3.47341e-16 -3.50184e-17 1.61656e-16 5.72925e-17 -4.31301e-17 4.84915e-15 -5.63738e-17 2.14925e-17 -1.34507e-17 1.03014e-16 2.57031e-17 -1.02278e-15 -3.87589e-18 3.3651e-17 -7.00119e-16 7.01359e-17 -3.17815e-17 6.98917e-17 
2.09641e-15 -6.53621e-16 -5.56842 964.83 4.03757e-16 2.69442e-15 -5.99597e-16 -3.73357e-16 9.471 7.14331e-16 -1.82269 -3.17427e-15 -4.9516e-16 4.37692e-16 7.02488e-17 3.82017e-16 -6.60337e-17 -1.41125e-16 7.78984e-16 -3.44194e-19 -2.63377e-16 -3.68749e-17 -3.30545e-17 2.54413e-16 -7.05991e-18 -1.32748e-16 -3.87794e-16 -5.36283e-18 1.47096e-16 1.63055e-17 -1.22633e-17 -1.63386e-16 2.90911e-17 1.70897e-16 -2.27284e-17 1.02119e-15 1.37565e-17 -5.88743e-16 -1.5588e-17 2.7395e-17 -1.21299e-18 3.96338e-18 -1.94448e-19 2.24002e-18 1.04734e-18 -1.02754e-15 5.71199e-18 5.97425e-16 -4.9704e-18 -4.91372e-17 2.93516e-17 8.00006e-17 -2.71034e-17 -9.8765e-17 1.2958e-17 3.38878e-17 -8.73085e-16 1.04897e-17 3.47341e-16 3.6277e-16 4.51018e-17 -8.81036e-17 -3.50184e-17 1.36276e-17 -5.54387e-16 -3.38618e-18 1.61656e-16 -1.18165e-16 -7.29447e-17 5.92369e-17 5.72925e-17 -4.31301e-17 2.14925e-17 2.57031e-17 4.84915e-15 -1.34507e-17 -1.02278e-15 -5.63738e-17 1.03014e-16 -3.87589e-18 3.3651e-17 7.01359e-17 -7.00119e-16 -3.17815e-17 6.98917e-17 
-6.04757e-17 -5.56842 7.08283e-16 8.47846e-16 1206.04 -5.22132e-16 1.30811e-15 -5.25948e-16 1.85683e-15 8.35263 -2.46588e-15 -5.38904e-16 -2.53392e-15 -4.20181e-16 5.12529e-16 -4.61785e-19 3.41331e-16 -7.19499e-18 -4.61785e-19 6.67362e-16 -5.44731e-17 -3.09303e-16 3.41331e-16 -5.44731e-17 1.70576e-16 1.6177e-17 -7.19499e-18 -3.09303e-16 1.6177e-17 1.70424e-16 -2.82994e-16 2.3827e-17 6.86478e-18 9.89346e-18 1.38565e-16 2.3827e-17 8.56673e-16 -2.40219e-18 -8.54225e-16 8.85012e-18 6.86478e-18 -2.40219e-18 9.54774e-18 1.28762e-18 -2.63127e-17 9.89346e-18 -8.54225e-16 1.28762e-18 8.34561e-16 -2.16411e-17 1.38565e-16 8.85012e-18 -2.63127e-17 -2.16411e-17 -3.04023e-17 -1.17137e-15 6.05104e-17 -7.43788e-16 -9.78656e-17 6.05104e-17 3.60342e-16 1.34266e-17 -7.35731e-17 -7.43788e-16 1.34266e-17 -5.58503e-16 -2.07551e-17 -9.78656e-17 -7.35731e-17 -2.07551e-17 -7.09263e-17 2.43702e-17 -1.52516e-17 1.16807e-16 -1.52516e-17 4.15929e-15 -6.89966e-17 1.16807e-16 -6.89966e-17 1.93187e-16 7.01359e-17 -3.17815e-17 -3.17815e-17 -6.28281e-16 1.08023e-16 
1.26636e-15 10.7391 2.22408e-15 2.66667e-15 -8.47858e-16 361.811 -6.68519e-16 -2.25603e-16 -5.86899e-16 -7.1594 1.94042e-15 -1.11395e-16 1.75858e-15 4.58541e-16 10.0232 4.12462e-16 -2.6788 -2.53405e-15 5.7853e-16 3.04803e-16 -1.29372e-16 -3.00142e-16 -2.6788 -8.02632e-17 0.71594 5.77204e-16 -2.56045e-15 -2.51163e-16 6.67218e-16 2.82383e-16 -1.40704e-16 -1.95173e-17 6.66959e-17 -2.43465e-17 -8.18445e-18 -1.95173e-17 -2.23275e-16 2.48094e-17 1.72859e-16 -7.36091e-18 6.66959e-17 2.48094e-17 -5.46693e-18 -8.25425e-18 -1.47088e-17 -2.43465e-17 1.72859e-16 -8.25425e-18 -1.14226e-16 2.14259e-17 -8.18445e-18 -7.36091e-18 -1.47088e-17 2.14259e-17 4.68618e-17 9.01351e-16 -6.22744e-17 -1.51692e-16 1.1166e-17 -6.22744e-17 -8.16021e-17 3.37737e-17 8.17729e-17 -1.51692e-16 3.37737e-17 3.49019e-17 2.23223e-17 1.1166e-17 8.17729e-17 2.23223e-17 -5.75287e-17 1.84721e-16 2.95467e-17 -5.9903e-17 2.95467e-17 -1.25445e-16 -2.87897e-17 -5.9903e-17 -2.87897e-17 1.82114e-17 -4.22314e-15 3.40418e-17 3.40418e-17 1.50182e-16 1.71913e-17 
5.7692e-17 7.8604e-16 9.471 -4.61263e-16 1.63771e-15 -4.95264e-16 542.717 -1.35016e-15 -7.1594 2.05347e-15 -8.26696 2.03526e-15 -2.2787e-16 2.15106e-15 1.57464e-17 8.47112 -2.71502e-15 -3.45832 5.04261e-16 3.35669e-16 4.55802e-17 -1.74936e-16 2.75065e-16 -2.264 7.57206e-16 0.924275 -4.48137e-16 -2.08449e-15 -1.96485e-17 1.01037e-15 -2.98132e-17 -1.23805e-16 -5.933e-17 7.85693e-17 7.77825e-17 -3.41059e-16 4.08285e-18 -7.31379e-17 2.34707e-17 1.89696e-16 3.7897e-17 9.44104e-17 2.28218e-17 -2.69463e-17 -5.26385e-17 2.64046e-16 -4.84674e-17 8.29202e-17 1.74936e-17 -1.74066e-16 -1.1244e-17 -3.25979e-17 1.86889e-17 4.27486e-17 3.50428e-18 -7.36841e-17 8.74616e-16 -6.43563e-17 -2.33902e-16 -9.65529e-17 -3.09634e-17 2.34894e-18 7.60445e-17 3.99616e-17 -1.35337e-16 7.15386e-17 7.21283e-18 9.6755e-17 4.14475e-17 2.91662e-17 -3.2226e-17 2.95467e-17 1.15551e-16 -3.96284e-17 -1.25445e-16 -3.69678e-18 -7.22783e-17 -2.87897e-17 -3.88743e-17 3.65348e-17 3.0022e-17 -3.73398e-15 1.32448e-16 1.19358e-16 7.37913e-18 
-3.35039e-16 -2.06674 -2.68402e-15 -4.63134e-16 -5.86232e-16 -1.17257e-16 -1.79425e-15 783.925 2.09518e-15 -8.26696 4.06225e-15 4.13691e-16 2.59515e-15 4.52149e-17 9.87406e-16 -3.2297e-15 7.73304 9.35072e-16 -6.65937e-17 5.30851e-17 5.77771e-16 2.78435e-16 -2.15464e-16 1.05656e-15 -2.06674 -2.81461e-16 4.26552e-17 -5.08171e-17 -2.46548e-15 -1.87105e-17 -4.1925e-17 -9.27369e-17 -1.12958e-16 4.1965e-17 1.75906e-16 2.23036e-17 -3.44354e-16 1.06159e-17 -1.56367e-17 -5.08451e-17 6.71329e-17 5.56506e-17 8.51336e-17 -2.71168e-17 -1.06975e-16 -4.30316e-17 2.97712e-16 -2.98733e-17 -5.72691e-18 6.19274e-17 -3.60351e-17 1.36133e-17 2.38371e-17 7.20558e-18 5.13904e-18 1.15622e-16 -9.20713e-17 8.27953e-16 -8.16059e-17 2.22032e-17 -2.56947e-17 2.18528e-17 6.99345e-17 -7.30964e-18 9.00662e-17 -1.70416e-16 2.4571e-17 3.2801e-17 6.02769e-17 -9.95788e-18 -3.78918e-17 -5.9903e-17 -3.96284e-17 7.68077e-17 -2.87897e-17 -7.22783e-17 7.7201e-18 1.82114e-17 3.65348e-17 -3.36567e-17 8.05472e-16 2.2571e-17 6.16802e-17 1.66095e-16 8.16672e-17 
5.7692e-17 4.52844e-16 -7.47741e-16 9.471 2.00859e-15 -5.86899e-16 -7.1594 1.94042e-15 542.717 2.15279e-15 3.03875e-16 -5.64085e-16 -8.26696 2.49022e-15 -3.96167e-16 3.60648e-16 2.27574e-16 -3.55133e-16 8.47112 3.86505e-16 -2.264 -2.26822e-15 -2.60686e-15 6.12995e-17 8.30282e-16 -1.5098e-17 -3.45832 -8.12539e-17 0.924275 6.85068e-16 -2.98132e-17 -3.41059e-16 3.7897e-17 2.64046e-16 -1.1244e-17 -1.23805e-16 4.08285e-18 9.44104e-17 -4.84674e-17 -3.25979e-17 -5.933e-17 -7.31379e-17 2.28218e-17 8.29202e-17 1.86889e-17 7.85693e-17 2.34707e-17 -2.69463e-17 1.74936e-17 4.27486e-17 7.77825e-17 1.89696e-16 -5.26385e-17 -1.74066e-16 3.50428e-18 -7.36841e-17 -9.65529e-17 3.99616e-17 9.6755e-17 8.74616e-16 -3.09634e-17 -1.35337e-16 4.14475e-17 -6.43563e-17 2.34894e-18 7.15386e-17 2.91662e-17 -2.33902e-16 7.60445e-17 7.21283e-18 -3.2226e-17 2.95467e-17 -1.25445e-16 -2.87897e-17 1.15551e-16 -3.69678e-18 -3.88743e-17 -3.96284e-17 -7.22783e-17 3.65348e-17 3.0022e-17 1.32448e-16 -3.73398e-15 1.19358e-16 7.37913e-18 
1.88463e-16 -4.06796e-16 1.86517e-16 6.05017e-16 8.35263 -7.1594 2.05347e-15 -8.26696 3.2899e-15 723.623 2.35402e-15 -8.26696 2.77795e-15 -9.54587 5.9665e-16 1.0018e-16 5.39312e-17 -3.47324e-16 3.66564e-16 7.1594 -2.25466e-15 -2.92281 5.93024e-17 -2.27379e-15 3.22887e-17 9.23957e-16 7.07044e-17 -2.92281 9.57482e-16 1.19323 -5.20976e-16 6.23666e-18 -1.1172e-16 3.58522e-17 2.89765e-16 6.23666e-18 -6.01253e-17 -5.94476e-17 8.32009e-17 4.68968e-17 -1.1172e-16 -5.94476e-17 1.13236e-17 5.55372e-17 2.56403e-17 3.58522e-17 8.32009e-17 5.55372e-17 2.08458e-17 -6.59496e-17 2.89765e-16 4.68968e-17 2.56403e-17 -6.59496e-17 -8.05088e-17 -1.14243e-16 -3.66364e-17 2.7793e-18 8.99771e-17 -3.66364e-17 8.63671e-16 1.43426e-17 -2.67633e-16 2.7793e-18 1.43426e-17 4.06246e-17 5.4586e-17 8.99771e-17 -2.67633e-16 5.4586e-17 2.69109e-17 -1.25445e-16 -3.69678e-18 -7.22783e-17 -3.69678e-18 7.06632e-17 2.55844e-18 -7.22783e-17 2.55844e-18 -6.53065e-17 1.16808e-16 1.05264e-16 1.05264e-16 -3.22732e-15 -1.12278e-16 
-5.21085e-17 -1.5735e-16 -5.17008e-16 -1.82269 -2.17645e-15 2.09518e-15 -8.26696 4.06225e-15 3.60433e-16 2.35402e-15 964.83 2.49478e-15 -9.54587 4.49125e-15 -7.87947e-17 6.28111e-17 1.16248e-15 3.29449e-16 8.95771e-16 -2.48497e-15 6.53561 7.50369e-16 -2.91675e-17 1.54329e-18 -2.43729e-15 3.2804e-16 -1.46451e-16 1.15044e-15 -2.66815 -2.95286e-16 3.40693e-17 -5.2601e-16 1.6216e-17 -2.38855e-17 -7.76671e-17 2.76795e-17 -6.56248e-17 -5.62323e-17 2.7054e-17 1.22545e-16 -2.72604e-17 -7.10542e-17 -2.55752e-17 -2.90473e-17 1.36167e-17 4.20214e-17 9.28142e-17 1.46001e-16 -2.67735e-17 -1.3667e-16 -5.32296e-18 2.4938e-16 2.44489e-17 8.75731e-17 1.98738e-17 2.62712e-17 -3.04023e-17 2.58566e-17 8.27476e-17 1.2756e-16 4.98551e-18 7.64087e-16 -6.54773e-17 7.0431e-17 4.53157e-17 1.47863e-17 3.95428e-17 -7.16771e-17 8.61386e-17 -2.69336e-16 6.09617e-17 -2.87897e-17 -7.22783e-17 7.7201e-18 -3.88743e-17 2.55844e-18 3.79443e-17 3.65348e-17 -6.53065e-17 -2.73871e-17 5.43968e-17 1.46482e-16 7.68815e-16 5.22941e-17 -5.97437e-18 
-3.35039e-16 -2.06674 -3.92021e-16 -3.27833e-15 -8.09807e-16 -1.11395e-16 1.98019e-15 4.58541e-16 -5.64085e-16 -8.26696 2.49022e-15 783.925 2.85882e-15 3.8005e-16 1.16617e-15 3.88479e-17 -3.53992e-16 -1.29678e-16 -3.08521e-15 1.72737e-16 7.62411e-16 -1.20511e-16 7.73304 4.02061e-16 -2.06674 -2.21865e-15 1.32359e-15 2.91916e-16 -3.43909e-16 -4.01604e-17 -4.1925e-17 2.23036e-17 6.71329e-17 -4.30316e-17 -3.60351e-17 -9.27369e-17 -3.44354e-16 5.56506e-17 2.97712e-16 1.36133e-17 -1.12958e-16 1.06159e-17 8.51336e-17 -2.98733e-17 2.38371e-17 4.1965e-17 -1.56367e-17 -2.71168e-17 -5.72691e-18 7.20558e-18 1.75906e-16 -5.08451e-17 -1.06975e-16 6.19274e-17 5.13904e-18 1.15622e-16 2.22032e-17 -7.30964e-18 3.2801e-17 -9.20713e-17 -2.56947e-17 9.00662e-17 6.02769e-17 8.27953e-16 2.18528e-17 -1.70416e-16 -9.95788e-18 -8.16059e-17 6.99345e-17 2.4571e-17 -3.78918e-17 -5.9903e-17 -2.87897e-17 1.82114e-17 -3.96284e-17 -7.22783e-17 3.65348e-17 7.68077e-17 7.7201e-18 -3.36567e-17 8.05472e-16 6.16802e-17 2.2571e-17 1.66095e-16 8.16672e-17 
-5.21085e-17 -2.18641e-16 -1.82269 -3.75644e-16 -2.11062e-15 2.4516e-15 -2.2787e-16 2.12243e-15 -8.26696 2.77795e-15 -9.54587 2.96638e-15 964.83 4.40967e-15 3.61979e-16 1.44025e-15 4.0939e-17 -7.29668e-17 2.39644e-16 -3.00671e-15 5.116e-17 9.92479e-16 2.42387e-16 6.53561 -2.05512e-15 -2.66815 3.479e-16 8.37871e-16 2.55093e-16 -2.91434e-16 3.40693e-17 2.76795e-17 -2.72604e-17 4.20214e-17 -5.32296e-18 -5.2601e-16 -6.56248e-17 -7.10542e-17 9.28142e-17 2.4938e-16 1.6216e-17 -5.62323e-17 -2.55752e-17 1.46001e-16 2.44489e-17 -2.38855e-17 2.7054e-17 -2.90473e-17 -2.67735e-17 8.75731e-17 -7.76671e-17 1.22545e-16 1.36167e-17 -1.3667e-16 1.98738e-17 2.62712e-17 1.2756e-16 7.0431e-17 -7.16771e-17 -3.04023e-17 4.98551e-18 4.53157e-17 8.61386e-17 2.58566e-17 7.64087e-16 1.47863e-17 -2.69336e-16 8.27476e-17 -6.54773e-17 3.95428e-17 6.09617e-17 -2.87897e-17 -3.88743e-17 3.65348e-17 -7.22783e-17 2.55844e-18 -6.53065e-17 7.7201e-18 3.79443e-17 -2.73871e-17 5.43968e-17 7.68815e-16 1.46482e-16 5.22941e-17 -5.97437e-18 
8.28575e-17 0.397744 6.62137e-16 6.892e-16 -4.93452e-16 4.13691e-16 2.56652e-15 4.52149e-17 2.49478e-15 -9.54587 4.49125e-15 3.19685e-16 4.40967e-15 1206.04 6.27738e-17 2.50665e-16 1.18048e-15 -4.08971e-17 -5.50201e-17 2.00798e-17 -2.28203e-15 4.55803e-16 1.00413e-15 -2.35092e-15 5.96617 7.35601e-16 -1.23573e-16 3.25107e-16 9.36751e-16 2.55467e-16 7.29246e-17 -6.50095e-18 2.34365e-17 -5.53693e-19 9.77298e-18 -6.50095e-18 -4.81698e-16 -1.80028e-17 -5.24249e-17 -4.25994e-17 2.34365e-17 -1.80028e-17 2.93755e-17 2.43865e-17 7.88442e-17 -5.53693e-19 -5.24249e-17 2.43865e-17 7.23305e-17 -1.48612e-17 9.77298e-18 -4.25994e-17 7.88442e-17 -1.48612e-17 -9.80642e-17 3.05782e-17 8.48447e-17 6.59274e-17 3.57854e-18 8.48447e-17 4.074e-17 2.37676e-17 6.7543e-17 6.59274e-17 2.37676e-17 6.83472e-16 -2.48486e-17 3.57854e-18 6.7543e-17 -2.48486e-17 -1.50177e-17 1.82114e-17 3.65348e-17 -3.36567e-17 3.65348e-17 -6.53065e-17 -2.73871e-17 -3.36567e-17 -2.73871e-17 4.79561e-17 -1.10366e-16 2.03932e-17 2.03932e-17 2.05168e-16 -8.0639e-17 
-5.70639e-16 8.40544e-16 1.0949e-18 1.0949e-18 4.63235e-16 10.0232 -2.37368e-17 9.41947e-16 -3.82181e-16 7.48787e-16 -1.22008e-16 1.18026e-15 2.44609e-16 2.69763e-17 120.604 6.93889e-18 5.59575e-16 -4.70939e-17 -6.47588e-17 -10.0232 2.0277e-15 1.73144e-15 4.42325e-16 2.15106e-15 3.87618e-16 2.3688e-16 1.67946e-16 1.38778e-15 3.85384e-16 -2.61344e-16 2.83518e-16 3.52338e-17 -2.14375e-16 -5.66382e-17 6.98456e-17 3.52338e-17 2.29498e-16 7.70956e-17 -6.99599e-17 -2.89583e-17 -2.14375e-16 7.70956e-17 -4.72354e-17 -4.64451e-17 1.29567e-16 -5.66382e-17 -6.99599e-17 -4.64451e-17 3.51547e-17 2.47206e-17 6.98456e-17 -2.89583e-17 1.29567e-16 2.47206e-17 -8.30565e-17 2.35654e-17 -2.41634e-17 -1.57993e-16 9.06585e-17 -2.41634e-17 -4.36643e-16 -8.52346e-20 -3.17516e-18 -1.57993e-16 -8.52346e-20 8.69441e-17 -1.18173e-19 9.06585e-17 -3.17516e-18 -1.18173e-19 9.08148e-17 1.55741e-16 -7.12262e-19 2.9332e-17 -7.12262e-19 -1.75833e-16 -2.37746e-17 2.9332e-17 -2.37746e-17 1.25407e-16 1.11929e-16 1.83964e-17 1.83964e-17 4.32461e-16 1.6305e-16 
-1.81336e-17 8.16093e-19 8.4642e-16 3.45275e-16 -4.0905e-17 3.84574e-16 8.47112 -3.14366e-15 6.17751e-16 3.77953e-16 3.58543e-16 3.21865e-17 8.85359e-16 6.86032e-17 6.93889e-18 241.208 4.64906e-16 4.7208e-16 -10.0232 2.92461e-15 -10.7152 -1.65302e-15 2.15106e-15 6.48399e-16 2.59515e-15 9.22114e-18 1.38778e-15 3.38855e-16 6.10623e-16 2.51306e-16 4.54867e-17 1.18481e-16 -2.35372e-17 -1.64371e-16 3.6712e-18 2.96281e-16 1.34509e-16 1.85675e-16 5.47859e-17 -1.40953e-16 9.953e-17 -3.31299e-16 3.63585e-17 9.24452e-17 -6.81489e-17 -9.03178e-17 -1.2675e-16 -4.0921e-17 -2.48069e-17 -5.19495e-17 -3.7385e-17 2.39781e-16 -5.40766e-18 5.33207e-17 1.4919e-18 -2.41634e-17 -1.45337e-16 7.30848e-17 -2.61816e-17 -4.36643e-16 -2.42546e-17 -4.70255e-16 -4.17742e-17 -8.52346e-20 -6.50462e-17 -2.20057e-19 -5.96369e-17 -3.17516e-18 9.05322e-17 9.56927e-17 3.42126e-17 -6.01971e-19 1.60251e-16 3.37516e-17 -1.48606e-16 -2.38036e-17 -2.51256e-16 -2.00932e-17 1.47174e-16 -3.02387e-17 1.37119e-17 8.92195e-17 3.22338e-16 -2.051e-17 3.09867e-17 
2.4257e-16 -1.96119e-16 -3.39698e-17 -2.95438e-17 3.05206e-16 -2.6788 -2.86794e-15 7.73304 1.21756e-16 1.5045e-16 1.0584e-15 -2.9165e-16 -3.18185e-17 1.19436e-15 5.21936e-16 -4.23273e-16 422.113 1.8735e-16 1.88634e-15 -10.7152 -2.16897e-15 -10.9362 3.29792e-16 2.15106e-15 1.49214e-16 2.85882e-15 3.84442e-16 6.10623e-16 4.26727e-16 1.09635e-15 -1.22127e-16 -3.45092e-18 1.54162e-16 3.1885e-17 -1.16075e-16 1.29477e-16 3.43669e-16 1.31279e-16 1.13802e-16 2.15255e-19 -1.99553e-16 8.73492e-17 -2.15607e-16 1.01742e-17 1.70741e-16 -1.00085e-16 -8.78274e-17 -1.19772e-16 -1.31047e-16 -1.71752e-17 2.24228e-16 -2.38996e-17 1.9435e-16 -2.72871e-17 -1.46661e-17 -1.57993e-16 7.30848e-17 -2.42688e-17 2.74767e-17 -8.52346e-20 -4.70255e-16 -6.68105e-17 -4.80114e-16 8.69441e-17 -2.20057e-19 -2.07242e-16 4.76092e-17 -1.18173e-19 9.56927e-17 1.25561e-16 2.58737e-17 -1.89935e-17 3.10012e-17 1.5388e-16 -1.81522e-17 -1.82371e-16 -3.34338e-17 8.8914e-17 -2.125e-17 4.68472e-17 -4.24945e-17 -3.67474e-17 -3.15082e-17 3.55454e-16 -7.33084e-17 
3.13171e-17 -2.40054e-17 -3.88298e-16 -1.29803e-16 4.20513e-17 -2.39935e-15 -3.45832 9.7023e-16 -3.84393e-16 1.38344e-16 5.40096e-16 -2.88645e-16 -1.21539e-16 -7.82545e-17 1.65264e-16 4.65014e-16 1.8735e-16 663.321 1.69144e-15 -2.05814e-15 -10.9362 -7.49357e-15 2.748e-16 -7.46587e-17 2.85882e-15 2.29396e-17 -2.62252e-16 2.4072e-16 1.09635e-15 3.86702e-16 -4.86508e-17 -9.74403e-17 5.25454e-17 2.01378e-16 6.89264e-17 1.1634e-16 1.60341e-16 3.00048e-16 8.29727e-17 5.30642e-17 5.83392e-18 -1.39685e-16 6.73912e-17 -1.38302e-16 -1.44922e-17 -1.54257e-17 -1.20987e-16 -1.89042e-16 -1.17903e-16 -1.76921e-16 8.35127e-18 2.36055e-16 -4.83521e-17 1.34584e-16 -3.81524e-18 9.06585e-17 -2.61816e-17 2.74767e-17 7.63538e-18 -3.17516e-18 -4.17742e-17 -4.80114e-16 -6.09942e-17 -1.18173e-19 -5.96369e-17 4.76092e-17 -9.09296e-17 9.08148e-17 3.42126e-17 2.58737e-17 9.34652e-17 2.46032e-17 -3.4091e-17 -1.09142e-17 4.33977e-18 -2.0642e-17 -1.54495e-16 3.22711e-18 -3.34269e-17 -5.44151e-17 -3.85381e-17 3.39053e-17 -7.30038e-17 2.32483e-17 -2.98103e-17 
-1.81336e-17 8.16093e-19 3.45275e-16 8.4642e-16 -4.0905e-17 3.70472e-16 6.3284e-16 -1.03115e-16 8.47112 2.18653e-16 8.22417e-16 -3.50067e-15 5.05882e-16 9.2436e-18 -6.47588e-17 -10.0232 2.0277e-15 1.73144e-15 241.208 2.10942e-15 9.73956e-16 2.06141e-16 1.14014e-16 -10.7152 2.58819e-15 1.56583e-15 5.34351e-16 -1.13798e-15 3.46336e-16 1.76868e-16 4.54867e-17 2.96281e-16 9.953e-17 -9.03178e-17 -3.7385e-17 1.18481e-16 1.34509e-16 -3.31299e-16 -1.2675e-16 2.39781e-16 -2.35372e-17 1.85675e-16 3.63585e-17 -4.0921e-17 -5.40766e-18 -1.64371e-16 5.47859e-17 9.24452e-17 -2.48069e-17 5.33207e-17 3.6712e-18 -1.40953e-16 -6.81489e-17 -5.19495e-17 1.4919e-18 -2.41634e-17 -4.36643e-16 -8.52346e-20 -3.17516e-18 -1.45337e-16 -2.42546e-17 -6.50462e-17 9.05322e-17 7.30848e-17 -4.70255e-16 -2.20057e-19 9.56927e-17 -2.61816e-17 -4.17742e-17 -5.96369e-17 3.42126e-17 -6.01971e-19 -1.48606e-16 -2.00932e-17 1.60251e-16 -2.38036e-17 1.47174e-16 3.37516e-17 -2.51256e-16 -3.02387e-17 1.37119e-17 3.22338e-16 8.92195e-17 -2.051e-17 3.09867e-17 
-3.45773e-16 2.57353e-16 -3.04888e-17 -3.04888e-17 7.65656e-16 5.22095e-16 6.13333e-16 3.03024e-16 3.56435e-16 7.1594 -2.58993e-15 4.31593e-16 -2.20093e-15 3.92487e-16 -10.0232 2.92461e-15 -10.7152 -1.65302e-15 2.10942e-15 361.811 2.66454e-15 4.81937e-16 -10.7152 3.49626e-15 -11.455 -1.49296e-15 -1.13798e-15 1.91482e-16 -1.38778e-15 -5.18999e-16 3.82497e-16 1.7365e-16 2.39705e-16 7.07283e-17 -1.8197e-16 1.7365e-16 -2.29593e-16 1.15968e-17 -1.05456e-16 -7.39521e-17 2.39705e-16 1.15968e-17 1.67999e-16 3.51329e-17 -2.21664e-16 7.07283e-17 -1.05456e-16 3.51329e-17 1.64909e-16 -7.55924e-17 -1.8197e-16 -7.39521e-17 -2.21664e-16 -7.55924e-17 -3.74016e-17 -4.36643e-16 -2.42546e-17 -4.70255e-16 -4.17742e-17 -2.42546e-17 -2.14874e-16 7.28495e-17 -8.99362e-17 -4.70255e-16 7.28495e-17 -3.98314e-16 -7.3295e-18 -4.17742e-17 -8.99362e-17 -7.3295e-18 -8.77866e-17 -1.25595e-16 -2.01177e-17 -2.1235e-16 -2.01177e-17 2.79064e-16 -9.84606e-19 -2.1235e-16 -9.84606e-19 -2.49338e-16 2.40256e-16 -1.52873e-17 -1.52873e-17 1.66578e-16 -1.76109e-17 
1.55494e-17 -2.20207e-17 2.27487e-16 -2.57926e-16 -8.84035e-18 -8.43238e-17 1.27154e-16 6.12466e-16 -2.264 -2.4549e-15 6.53561 7.20561e-16 2.43188e-16 -2.25427e-15 1.88634e-15 -10.7152 -2.16897e-15 -10.9362 8.74499e-16 8.88178e-16 542.717 3.42781e-15 2.43604e-15 -11.455 -1.85312e-15 -11.6913 1.93721e-16 -1.38778e-15 -5.02538e-16 -1.27676e-15 1.67154e-16 4.43675e-16 1.69481e-16 1.46918e-16 2.77893e-19 -3.88089e-16 9.64071e-17 -4.99389e-17 5.29116e-17 4.73031e-17 3.60215e-17 2.97248e-16 1.57798e-17 -1.71864e-17 -1.92263e-17 2.64052e-17 7.21129e-17 -2.54678e-17 -1.92126e-17 1.77076e-16 -9.27397e-17 -3.27324e-16 -9.63078e-17 -2.2594e-16 -9.69991e-17 -8.52346e-20 -4.70255e-16 -6.68105e-17 -4.80114e-16 -6.50462e-17 7.28495e-17 -2.45819e-16 7.8373e-17 -2.20057e-19 -3.98314e-16 6.55747e-17 -4.85033e-16 -5.96369e-17 -7.3295e-18 -1.23748e-16 6.15594e-17 -1.53414e-17 -1.54131e-16 -2.82567e-17 7.07187e-17 5.46297e-18 1.7577e-16 -3.23501e-17 -1.60463e-16 -3.36784e-18 -2.34848e-17 2.6494e-16 3.26839e-17 -5.34089e-17 -1.23713e-17 
1.80888e-16 -9.67496e-17 3.13432e-17 2.38337e-17 -4.07345e-16 -3.24872e-16 1.61655e-16 4.56465e-16 -2.30951e-15 -2.92281 7.43626e-16 -1.15234e-16 1.06165e-15 6.01908e-16 1.69144e-15 -2.05814e-15 -10.9362 -7.49357e-15 4.59037e-16 3.852e-16 2.53964e-15 783.925 1.52209e-15 -1.9376e-15 -11.6913 -7.58904e-15 1.05965e-16 -6.25235e-16 -1.27676e-15 -5.27558e-16 1.50194e-16 2.06999e-16 3.87361e-16 1.07117e-16 6.85056e-17 -5.60715e-17 -2.87089e-16 1.45652e-16 1.00281e-16 7.22494e-17 1.16847e-16 4.79585e-17 1.32113e-16 -3.78811e-17 -1.39337e-16 1.60259e-17 1.07616e-16 2.19277e-17 -5.16061e-18 -2.0732e-17 -2.09002e-16 -1.39196e-16 -3.64026e-16 -1.26201e-16 -1.0652e-16 -3.17516e-18 -4.17742e-17 -4.80114e-16 -6.09942e-17 9.05322e-17 -8.99362e-17 7.8373e-17 -8.95725e-17 9.56927e-17 -7.3295e-18 -4.85033e-16 3.67734e-17 3.42126e-17 -8.77866e-17 6.15594e-17 -4.82522e-17 3.66777e-18 -1.74457e-17 -1.30572e-16 2.39429e-17 -6.14335e-17 -6.23279e-17 8.37657e-17 -2.71059e-17 -1.09052e-16 -5.44138e-17 1.73283e-17 -2.15068e-17 4.53316e-17 -1.72976e-17 
2.4257e-16 -1.96119e-16 -2.95438e-17 -3.39698e-17 3.05206e-16 -2.6788 1.95064e-16 -2.30933e-16 -2.88441e-15 2.61684e-16 4.10462e-17 7.73304 3.18059e-16 1.02203e-15 4.42325e-16 1.92901e-15 3.87618e-16 2.3688e-16 1.14014e-16 -10.7152 2.58819e-15 1.56583e-15 422.113 -2.72005e-15 9.6485e-16 1.65076e-16 1.37637e-16 -10.9362 2.74094e-15 1.39292e-15 -1.22127e-16 1.29477e-16 -1.99553e-16 -1.00085e-16 2.24228e-16 -3.45092e-18 3.43669e-16 8.73492e-17 -8.78274e-17 -2.38996e-17 1.54162e-16 1.31279e-16 -2.15607e-16 -1.19772e-16 1.9435e-16 3.1885e-17 1.13802e-16 1.01742e-17 -1.31047e-16 -2.72871e-17 -1.16075e-16 2.15255e-19 1.70741e-16 -1.71752e-17 -1.46661e-17 -1.57993e-16 -8.52346e-20 8.69441e-17 -1.18173e-19 7.30848e-17 -4.70255e-16 -2.20057e-19 9.56927e-17 -2.42688e-17 -6.68105e-17 -2.07242e-16 1.25561e-16 2.74767e-17 -4.80114e-16 4.76092e-17 2.58737e-17 -1.89935e-17 -1.81522e-17 8.8914e-17 3.10012e-17 -1.82371e-16 -2.125e-17 1.5388e-16 -3.34338e-17 4.68472e-17 -4.24945e-17 -3.15082e-17 -3.67474e-17 3.55454e-16 -7.33084e-17 
1.55494e-17 -2.20207e-17 -2.57926e-16 2.27487e-16 -8.84035e-18 -7.79494e-17 -2.264 8.93107e-16 2.28888e-16 -2.68969e-15 2.62466e-16 3.97157e-16 6.53561 -2.32858e-15 1.92901e-15 6.48399e-16 3.05311e-15 9.22114e-18 -10.7152 3.49626e-15 -11.455 -1.49296e-15 -2.72005e-15 542.717 -1.55431e-15 -5.63898e-17 -10.9362 3.3063e-15 -11.6913 -1.31758e-15 1.67154e-16 -3.88089e-16 3.60215e-17 2.64052e-17 -9.27397e-17 4.43675e-16 9.64071e-17 2.97248e-16 7.21129e-17 -3.27324e-16 1.69481e-16 -4.99389e-17 1.57798e-17 -2.54678e-17 -9.63078e-17 1.46918e-16 5.29116e-17 -1.71864e-17 -1.92126e-17 -2.2594e-16 2.77893e-19 4.73031e-17 -1.92263e-17 1.77076e-16 -9.69991e-17 -8.52346e-20 -6.50462e-17 -2.20057e-19 -5.96369e-17 -4.70255e-16 7.28495e-17 -3.98314e-16 -7.3295e-18 -6.68105e-17 -2.45819e-16 6.55747e-17 -1.23748e-16 -4.80114e-16 7.8373e-17 -4.85033e-16 6.15594e-17 -1.53414e-17 7.07187e-17 -3.23501e-17 -1.54131e-16 5.46297e-18 -1.60463e-16 -2.82567e-17 1.7577e-16 -3.36784e-18 -2.34848e-17 3.26839e-17 2.6494e-16 -5.34089e-17 -1.23713e-17 
-1.24255e-16 3.62217e-18 2.56122e-17 2.56122e-17 1.38357e-16 0.71594 7.41939e-16 -2.06674 5.66387e-16 1.8179e-16 -2.18749e-15 -2.06674 -2.1389e-15 5.96617 3.29792e-16 3.05311e-15 1.49214e-16 2.85882e-15 2.43604e-15 -11.455 -1.85312e-15 -11.6913 7.63722e-16 -1.55431e-15 723.623 -1.88738e-15 2.48572e-15 -11.6913 -1.42041e-15 -11.9323 -3.54422e-16 1.19651e-16 -2.04512e-16 3.40711e-17 1.65702e-16 1.19651e-16 5.3538e-16 9.89111e-17 5.24046e-17 -2.06325e-17 -2.04512e-16 9.89111e-17 1.20729e-16 2.72559e-17 7.91964e-17 3.40711e-17 5.24046e-17 2.72559e-17 -1.33808e-16 -1.06573e-16 1.65702e-16 -2.06325e-17 7.91964e-17 -1.06573e-16 8.3538e-17 8.69441e-17 -2.20057e-19 -2.07242e-16 4.76092e-17 -2.20057e-19 -3.98314e-16 6.55747e-17 -4.85033e-16 -2.07242e-16 6.55747e-17 -1.78262e-16 9.66675e-17 4.76092e-17 -4.85033e-16 9.66675e-17 -6.45106e-16 7.36748e-17 -2.46801e-17 -4.9827e-18 -2.46801e-17 -9.77411e-17 5.86115e-18 -4.9827e-18 5.86115e-18 1.40906e-16 6.25377e-17 -2.86355e-18 -2.86355e-18 2.28891e-16 2.2828e-17 
-1.1622e-17 3.90722e-17 7.92118e-17 -1.28376e-16 1.704e-18 4.18558e-16 0.924275 -3.1968e-16 -2.46031e-18 8.75168e-16 4.05118e-16 -2.07405e-15 -2.66815 8.35426e-16 2.748e-16 -7.46587e-17 2.85882e-15 2.29396e-17 1.52209e-15 -1.9376e-15 -11.6913 -7.58904e-15 3.10135e-16 -1.8309e-16 -2.77556e-15 964.83 1.43841e-15 -1.61303e-15 -11.9323 -7.80995e-15 -2.22041e-17 -2.55546e-16 1.2674e-16 -6.72708e-17 2.27747e-17 1.98759e-16 1.51791e-16 3.29811e-16 1.08263e-17 -1.1741e-16 -4.90233e-17 -6.52849e-17 1.17542e-16 2.32212e-16 6.9605e-17 -8.19434e-17 1.73158e-17 -6.67581e-17 -6.29182e-17 -9.45756e-17 -2.4685e-17 2.33528e-16 -1.13751e-16 -4.91701e-18 4.09971e-17 -1.18173e-19 -5.96369e-17 4.76092e-17 -9.09296e-17 9.56927e-17 -7.3295e-18 -4.85033e-16 3.67734e-17 1.25561e-16 -1.23748e-16 9.66675e-17 -5.37628e-17 2.58737e-17 6.15594e-17 -6.45106e-16 8.15229e-17 -4.08573e-18 -1.66782e-17 -3.90652e-17 7.53075e-17 -1.92274e-17 -5.82594e-17 3.22258e-17 -5.00482e-17 -6.13002e-17 2.10542e-17 -1.0958e-19 -1.03224e-16 2.43256e-17 9.44392e-18 
3.13171e-17 -2.40054e-17 -1.29803e-16 -3.88298e-16 4.20513e-17 -2.38004e-15 -4.17355e-16 1.32826e-16 -3.45832 2.21341e-16 -7.05495e-17 8.23994e-16 6.02457e-16 -5.97794e-17 1.67946e-16 1.38778e-15 3.85384e-16 -2.61344e-16 5.34351e-16 -1.16573e-15 3.46336e-16 1.76868e-16 1.37637e-16 -10.9362 2.74094e-15 1.39292e-15 663.321 -8.32667e-15 9.05856e-16 2.75083e-16 -4.86508e-17 1.1634e-16 5.83392e-18 -1.54257e-17 8.35127e-18 -9.74403e-17 1.60341e-16 -1.39685e-16 -1.20987e-16 2.36055e-16 5.25454e-17 3.00048e-16 6.73912e-17 -1.89042e-16 -4.83521e-17 2.01378e-16 8.29727e-17 -1.38302e-16 -1.17903e-16 1.34584e-16 6.89264e-17 5.30642e-17 -1.44922e-17 -1.76921e-16 -3.81524e-18 9.06585e-17 -3.17516e-18 -1.18173e-19 9.08148e-17 -2.61816e-17 -4.17742e-17 -5.96369e-17 3.42126e-17 2.74767e-17 -4.80114e-16 4.76092e-17 2.58737e-17 7.63538e-18 -6.09942e-17 -9.09296e-17 9.34652e-17 2.46032e-17 4.33977e-18 3.22711e-18 -3.4091e-17 -2.0642e-17 -3.34269e-17 -1.09142e-17 -1.54495e-16 -5.44151e-17 -3.85381e-17 -7.30038e-17 3.39053e-17 2.32483e-17 -2.98103e-17 
1.80888e-16 -9.67496e-17 2.38337e-17 3.13432e-17 -4.07345e-16 -3.3425e-16 -2.1259e-15 -9.3597e-17 -5.43851e-17 -2.92281 1.14666e-15 3.92976e-16 8.39606e-16 4.98565e-16 1.38778e-15 3.38855e-16 6.10623e-16 2.51306e-16 -1.16573e-15 1.91482e-16 -1.22125e-15 -5.18999e-16 -10.9362 3.3063e-15 -11.6913 -1.31758e-15 -8.32667e-15 783.925 -8.10463e-15 1.29063e-17 1.50194e-16 -5.60715e-17 1.16847e-16 1.60259e-17 -2.09002e-16 2.06999e-16 -2.87089e-16 4.79585e-17 1.07616e-16 -1.39196e-16 3.87361e-16 1.45652e-16 1.32113e-16 2.19277e-17 -3.64026e-16 1.07117e-16 1.00281e-16 -3.78811e-17 -5.16061e-18 -1.26201e-16 6.85056e-17 7.22494e-17 -1.39337e-16 -2.0732e-17 -1.0652e-16 -3.17516e-18 9.05322e-17 9.56927e-17 3.42126e-17 -4.17742e-17 -8.99362e-17 -7.3295e-18 -8.77866e-17 -4.80114e-16 7.8373e-17 -4.85033e-16 6.15594e-17 -6.09942e-17 -8.95725e-17 3.67734e-17 -4.82522e-17 3.66777e-18 2.39429e-17 8.37657e-17 -1.74457e-17 -6.14335e-17 -2.71059e-17 -1.30572e-16 -6.23279e-17 -1.09052e-16 -5.44138e-17 -2.15068e-17 1.73283e-17 4.53316e-17 -1.72976e-17 
-1.1622e-17 3.90722e-17 -1.28376e-16 7.92118e-17 1.704e-18 5.45679e-16 1.62292e-17 -2.50733e-15 0.924275 1.06691e-15 -2.66815 -4.41921e-16 3.66157e-16 9.36751e-16 3.84442e-16 6.10623e-16 4.26727e-16 1.09635e-15 1.93721e-16 -1.22125e-15 -5.02538e-16 -1.11022e-15 2.48572e-15 -11.6913 -1.42041e-15 -11.9323 4.68031e-16 -8.10463e-15 964.83 -7.54952e-15 -2.22041e-17 1.98759e-16 -4.90233e-17 -8.19434e-17 -2.4685e-17 -2.55546e-16 1.51791e-16 -6.52849e-17 1.73158e-17 2.33528e-16 1.2674e-16 3.29811e-16 1.17542e-16 -6.67581e-17 -1.13751e-16 -6.72708e-17 1.08263e-17 2.32212e-16 -6.29182e-17 -4.91701e-18 2.27747e-17 -1.1741e-16 6.9605e-17 -9.45756e-17 4.09971e-17 -1.18173e-19 9.56927e-17 1.25561e-16 2.58737e-17 -5.96369e-17 -7.3295e-18 -1.23748e-16 6.15594e-17 4.76092e-17 -4.85033e-16 9.66675e-17 -6.45106e-16 -9.09296e-17 3.67734e-17 -5.37628e-17 8.15229e-17 -4.08573e-18 7.53075e-17 3.22258e-17 -1.66782e-17 -1.92274e-17 -5.00482e-17 -3.90652e-17 -5.82594e-17 -6.13002e-17 2.10542e-17 -1.03224e-16 -1.0958e-19 2.43256e-17 9.44392e-18 
-8.43314e-17 7.09749e-18 -2.95459e-17 -2.95459e-17 1.63665e-16 3.16402e-16 7.25873e-16 -1.33439e-16 7.31969e-16 1.19323 -2.28996e-16 -5.96776e-17 -2.77556e-16 2.57821e-16 -2.62252e-16 2.4072e-16 1.09635e-15 3.86702e-16 1.05965e-16 -6.25235e-16 -2.88658e-15 -5.27558e-16 1.43841e-15 -1.61303e-15 -11.9323 -7.80995e-15 4.9264e-16 -1.57791e-16 -7.54952e-15 1206.04 8.80157e-17 -2.3215e-17 1.07033e-17 -9.21432e-17 -2.06042e-16 -2.3215e-17 -9.01684e-17 1.31646e-16 6.78988e-17 2.98207e-17 1.07033e-17 1.31646e-16 1.50219e-16 -1.68133e-17 -8.60188e-17 -9.21432e-17 6.78988e-17 -1.68133e-17 2.413e-16 1.3499e-16 -2.06042e-16 2.98207e-17 -8.60188e-17 1.3499e-16 -1.18303e-18 9.08148e-17 3.42126e-17 2.58737e-17 9.34652e-17 3.42126e-17 -8.77866e-17 6.15594e-17 -4.82522e-17 2.58737e-17 6.15594e-17 -6.45106e-16 8.15229e-17 9.34652e-17 -4.82522e-17 8.15229e-17 2.26608e-17 5.47392e-17 2.19975e-18 8.28068e-17 2.19975e-18 2.50891e-18 -2.40198e-17 8.28068e-17 -2.40198e-17 5.54283e-17 -1.72013e-17 -3.60636e-19 -3.60636e-19 -8.41026e-17 1.9247e-17 
5.03066e-16 1.41352e-15 1.70389e-17 1.70389e-17 -3.96155e-16 -2.40504e-16 -4.50143e-17 8.60481e-17 -4.50143e-17 -4.74947e-16 -1.36269e-17 8.60481e-17 -1.36269e-17 -1.5558e-16 3.27313e-16 -5.39985e-17 -9.00799e-17 -6.5447e-17 -5.39985e-17 4.68983e-16 2.44647e-17 9.80496e-17 -9.00799e-17 2.44647e-17 -3.19913e-16 -6.20166e-17 -6.5447e-17 9.80496e-17 -6.20166e-17 5.81499e-17 -7.79028e-16 7.77156e-16 7.25738e-16 4.38601e-17 -2.23661e-16 9.30604e-16 -16.7053 6.85984e-16 4.41332e-15 -5.10775e-15 6.76346e-16 -2.22045e-16 3.08146e-16 -2.64349e-16 -1.96335e-16 4.55883e-17 5.10703e-15 -2.38145e-16 1.65923e-16 -5.39734e-17 -2.06912e-16 -4.88498e-15 -1.45466e-16 -1.21374e-16 6.05324e-16 11.8124 -1.00052e-15 -6.02074e-16 -2.31283e-15 2.42861e-16 1.98568e-15 -2.50323e-16 5.77283e-16 -4.23273e-16 5.88543e-17 -7.6724e-17 -6.8614e-17 -3.01148e-15 5.94702e-16 2.28801e-17 2.32892e-16 -1.77228e-15 -6.18119e-17 -1.20971e-16 -6.18119e-17 1.75795e-15 -8.89209e-17 -1.20971e-16 -8.89209e-17 -4.3209e-17 -7.76101e-16 4.08275e-17 4.08275e-17 -3.33409e-16 -2.04733e-15 
5.47912e-18 9.83739e-18 1.05997e-15 -2.2872e-16 5.24488e-17 -2.94688e-17 -9.24008e-17 -9.06843e-17 -3.10926e-16 -3.97697e-17 -4.79604e-16 -8.92088e-18 -6.12757e-17 5.66901e-17 -4.18271e-17 1.78943e-16 -1.00028e-16 -7.11891e-17 3.63272e-16 -2.15684e-17 4.71221e-16 1.67281e-16 1.89503e-17 -3.34689e-16 -3.21549e-17 -2.11458e-16 7.59489e-17 -1.0205e-16 1.30338e-16 -3.21907e-17 1.66533e-15 60.3019 1.44329e-15 3.29968e-16 -1.24539e-16 -16.7053 -2.88862e-16 -14.9416 -4.11895e-15 4.93149e-15 -2.22045e-16 1.01981e-15 -4.44089e-16 -2.002e-17 -1.704e-16 5.10703e-15 -7.71737e-16 3.9968e-15 -3.46204e-16 7.32674e-17 -4.88498e-15 9.54632e-17 -5.55112e-15 3.56703e-16 1.18936e-16 -1.99848e-16 9.14985 -2.27996e-15 -9.9242e-16 1.56106e-15 -1.12757e-15 2.06394e-15 -1.79429e-16 -1.26934e-16 -6.66134e-16 -1.15862e-16 1.36356e-16 3.27668e-16 -1.58901e-15 7.60528e-16 -5.32086e-17 -4.04654e-17 -1.25168e-15 -5.40614e-17 1.15085e-15 -1.07683e-16 2.06196e-15 -5.82124e-17 -1.11857e-16 -3.46156e-17 2.35718e-17 -6.74553e-16 -1.92494e-16 3.91304e-17 6.13684e-18 
-3.2036e-16 -8.96153e-16 3.654e-18 1.48055e-17 -7.70253e-18 2.01262e-16 -4.78837e-17 -9.83183e-17 2.12191e-17 -1.01907e-16 -3.45425e-17 -1.41054e-16 5.66177e-17 -6.29963e-18 -2.10979e-16 -6.84589e-17 1.99114e-16 -2.04497e-17 4.16934e-17 2.26531e-16 1.10745e-16 3.7097e-16 -1.89136e-16 -4.07106e-17 -1.51997e-16 -4.0699e-18 -1.52056e-17 7.68208e-17 -5.55603e-17 -6.82999e-17 8.68928e-16 1.44329e-15 180.906 1.11022e-15 8.07032e-17 5.91349e-16 -14.9416 -3.61961e-15 -14.6724 -7.84948e-16 3.66029e-16 4.44089e-16 8.25169e-16 -4.44089e-16 2.44813e-16 -1.82943e-16 3.10862e-15 3.31226e-16 4.44089e-15 -3.33872e-16 -2.42288e-16 -4.66294e-15 5.34061e-16 -5.10703e-15 3.78556e-16 -5.28267 -1.98952e-15 8.47112 3.648e-15 -1.5786e-16 1.12075e-15 -1.39125e-15 2.09745e-15 7.45931e-16 -3.59072e-17 -2.11636e-16 -2.33412e-16 1.23512e-15 3.96153e-16 -1.6584e-15 4.12752e-16 1.06534e-15 -6.20003e-18 -1.11969e-15 -9.70828e-18 6.19567e-16 -2.66214e-17 5.3379e-17 2.75539e-17 -5.97819e-17 4.32285e-16 -5.79469e-19 -2.0388e-17 -9.53136e-17 1.44285e-15 
-1.09544e-17 -7.61598e-18 -1.04872e-15 2.27854e-16 -6.49189e-17 -5.68086e-18 1.59489e-16 5.40005e-17 2.40674e-16 2.65858e-17 -4.83391e-17 5.12849e-17 -4.81571e-17 4.11613e-17 -1.77805e-17 -1.80566e-16 1.7642e-17 1.99249e-16 -1.70157e-16 1.63146e-16 9.06732e-17 2.53016e-17 -5.52014e-17 3.07236e-17 -9.55363e-18 -2.67212e-17 -9.59296e-18 3.81294e-17 -1.26024e-16 -7.67539e-17 1.18326e-16 3.61264e-16 1.11022e-15 361.811 1.22125e-15 4.41147e-15 -3.93778e-15 -14.6724 -1.56967e-15 -14.5816 -1.68068e-16 -8.53832e-17 -4.44089e-16 3.98286e-16 -1.33227e-15 -2.33576e-17 -2.27105e-16 3.9968e-15 -5.51319e-17 3.77476e-15 9.07738e-18 4.40384e-16 -4.21885e-15 -3.16765e-16 -4.44089e-15 -2.01758e-15 -5.98998 3.85164e-15 8.15134 -8.18345e-16 0 9.14322e-16 -7.49401e-16 2.44165e-16 7.70217e-16 -1.45364e-16 -4.75314e-16 -9.80716e-17 1.27329e-15 1.02971e-16 -1.34615e-15 3.65867e-17 1.10503e-15 2.83608e-18 -7.10166e-16 7.95112e-17 1.23496e-16 7.98181e-17 1.02244e-16 -2.53468e-17 -2.43852e-17 5.73793e-16 1.33373e-16 -5.14454e-17 -2.53624e-19 
7.73132e-17 2.08073e-16 -1.11287e-18 -5.78376e-17 2.23253e-16 -8.28988e-17 9.06872e-17 1.74617e-16 -1.41193e-18 2.41185e-16 -1.26953e-17 1.05815e-16 1.714e-17 -1.17105e-17 5.2057e-17 6.98435e-17 -1.78732e-16 7.9858e-17 1.02824e-16 -2.92921e-16 6.78367e-17 3.85254e-17 2.17579e-16 -1.70855e-17 1.56218e-16 -4.37081e-18 4.91368e-17 -2.0537e-16 1.77626e-17 -2.16103e-16 -5.38758e-17 -2.85435e-16 5.93215e-16 3.33067e-16 603.019 -4.82052e-15 5.14882e-15 -1.63969e-15 -14.5816 5.77178e-15 -4.27973e-17 -2.89132e-16 4.35274e-16 -4.44089e-16 7.22749e-16 -7.23519e-17 3.34595e-16 -3.8207e-16 3.77476e-15 -1.2927e-16 6.24721e-16 4.84599e-17 1.646e-16 -4.44089e-15 2.97585e-18 -1.03965e-15 3.58121e-15 -6.314 3.61541e-16 -9.50437e-17 -8.12413e-16 2.58474e-16 5.98405e-16 1.78751e-18 -9.53599e-17 1.94289e-16 1.03451e-17 -5.89619e-18 -1.74408e-16 1.48492e-15 1.96727e-16 -2.43207e-16 3.61348e-17 1.23087e-15 6.94022e-17 -1.0491e-15 7.31057e-17 2.29716e-17 1.0187e-17 7.7471e-17 -5.54505e-17 -2.63876e-17 -1.3513e-17 2.52944e-16 -4.59e-16 
5.47912e-18 9.83739e-18 -2.2872e-16 1.05997e-15 5.24488e-17 -2.94688e-17 -3.10926e-16 -8.92088e-18 -9.24008e-17 -3.97697e-17 -6.12757e-17 -9.06843e-17 -4.79604e-16 5.66901e-17 -4.18271e-17 3.63272e-16 1.89503e-17 7.59489e-17 1.78943e-16 -2.15684e-17 -3.34689e-16 -1.0205e-16 -1.00028e-16 4.71221e-16 -3.21549e-17 1.30338e-16 -7.11891e-17 1.67281e-16 -2.11458e-16 -3.21907e-17 9.30604e-16 -16.7053 6.85984e-16 4.41332e-15 -5.10775e-15 60.3019 6.66134e-16 1.00135e-15 -1.92581e-16 -3.99268e-16 8.72398e-16 -14.9416 4.04398e-16 4.09312e-15 -4.61592e-15 4.13433e-16 -3.55271e-15 1.43674e-16 -3.38125e-16 3.55927e-16 8.85733e-17 5.32907e-15 -1.64919e-16 3.33767e-17 -4.70687e-17 4.78784e-16 1.5381e-15 -1.939e-16 4.47162e-16 9.14985 -7.26266e-16 -5.29898e-16 -1.84833e-15 -2.13718e-15 2.14692e-15 -1.8795e-16 6.74866e-16 -1.04083e-15 3.65233e-17 7.5297e-17 -2.46425e-16 -4.04654e-17 1.15085e-15 -5.82124e-17 -1.25168e-15 -1.07683e-16 -1.11857e-16 -5.40614e-17 2.06196e-15 -3.46156e-17 2.35718e-17 -1.92494e-16 -6.74553e-16 3.91304e-17 6.13684e-18 
-2.13445e-17 -1.32052e-16 3.02813e-17 3.02813e-17 9.14109e-16 -2.03549e-16 -2.60354e-17 -3.13975e-16 -2.60354e-17 -1.06811e-16 -1.65132e-17 -3.13975e-16 -1.65132e-17 -4.5596e-16 2.8139e-16 -1.67068e-17 3.65007e-16 1.29575e-16 -1.67068e-17 -1.3854e-16 -1.04108e-16 -2.30247e-16 3.65007e-16 -1.04108e-16 5.00365e-16 1.11316e-16 1.29575e-16 -2.30247e-16 1.11316e-16 -1.11557e-16 -16.7053 -2.88862e-16 -14.9416 -4.11895e-15 4.93149e-15 6.66134e-16 120.604 1.77636e-15 3.12062e-16 -2.76949e-16 -14.9416 -9.36191e-16 -13.3642 -3.98818e-15 4.47521e-15 -3.55271e-15 9.79038e-16 -5.32907e-15 2.93772e-16 -4.58479e-17 5.32907e-15 -7.80485e-16 4.88498e-15 -2.71994e-16 1.23233e-16 1.20919e-15 -4.16334e-17 1.59872e-15 -1.38985e-16 -2.59913e-16 7.08745 -1.86199e-15 -6.55812e-16 1.56961e-15 -1.0339e-15 2.35186e-15 -1.93551e-16 -1.29209e-16 -9.15934e-16 -2.68799e-16 -1.77062e-17 7.53405e-16 -7.04953e-17 1.34987e-15 -7.04953e-17 -9.03971e-16 -6.15585e-17 1.34987e-15 -6.15585e-17 2.29641e-15 -1.11136e-16 2.25919e-17 2.25919e-17 -5.64431e-16 3.71239e-16 
6.68899e-18 8.54797e-18 -4.44706e-18 -5.95029e-16 -6.47401e-18 1.38911e-17 -6.67138e-17 -2.26134e-17 2.51299e-17 1.14518e-17 -6.91265e-17 8.93018e-17 -7.89486e-17 -4.38506e-17 3.22956e-17 1.7547e-16 8.57827e-17 2.87352e-16 -3.20043e-16 -8.67396e-17 2.83675e-17 -1.92105e-17 2.16743e-17 2.52511e-16 4.47485e-17 2.49469e-16 -1.19808e-16 2.8248e-17 -8.21617e-17 9.39695e-17 5.91349e-16 -14.9416 -3.61961e-15 -14.6724 -7.84948e-16 1.19631e-15 3.55271e-15 241.208 -8.88178e-16 2.99671e-16 3.68237e-16 -13.3642 -2.94656e-15 -13.1234 -9.95323e-16 1.10001e-16 -3.55271e-15 1.19092e-15 -3.9968e-15 5.45453e-16 -1.7165e-16 4.88498e-15 5.40792e-17 3.10862e-15 -4.48485e-16 -3.19189e-16 8.68127e-16 -3.747e-16 1.62468e-15 -4.09194 -1.57081e-15 6.5617 2.63245e-15 5.93275e-16 1.26288e-15 -1.94983e-15 2.08569e-15 4.02456e-16 -1.46286e-16 -5.82867e-16 -2.61356e-16 -6.35556e-18 4.05602e-16 -1.74278e-17 7.37779e-16 1.677e-17 -7.78201e-16 1.53863e-17 6.23485e-16 -6.84539e-17 -1.1771e-17 -5.50294e-17 3.89835e-16 8.8045e-18 -8.27353e-18 
